0 0.15794573643410853 0.03886397608370702 0.09689922480620156 0.02242152466367713
0 0.20155038759689922 0.059790732436472344 0.18023255813953487 0.02242152466367713
0 0.49273255813953487 0.15732436472346786 0.9118217054263565 0.1696562032884903
0 0.4956395348837209 0.28325859491778776 0.9156976744186046 0.08669656203288491
0 0.49224806201550386 0.3561285500747384 0.9108527131782945 0.06203288490284006
0 0.49660852713178294 0.41853512705530643 0.9195736434108527 0.059790732436472344
0 0.49806201550387597 0.4914050822122571 0.9224806201550387 0.08445440956651719
0 0.4956395348837209 0.5754857997010463 0.9292635658914729 0.08370702541106129
0 0.4874031007751938 0.6685351270553064 0.9031007751937985 0.09790732436472346
0 0.26405038759689925 0.7301943198804185 0.3071705426356589 0.02242152466367713
0 0.49176356589147285 0.8142750373692078 0.9079457364341085 0.14573991031390135
0 0.48691860465116277 0.9316143497757847 0.9001937984496124 0.08893871449925261
