0 0.4699612403100775 0.040732436472346784 0.8662790697674418 0.06053811659192825
0 0.49224806201550386 0.13490284005979072 0.9263565891472868 0.12331838565022421
0 0.4937015503875969 0.2701793721973094 0.9176356589147286 0.14723467862481315
0 0.4888565891472868 0.4155455904334828 0.9253875968992248 0.14648729446935724
0 0.4757751937984496 0.5564275037369207 0.9050387596899225 0.1218236173393124
0 0.49176356589147285 0.6449925261584455 0.9137596899224806 0.05530642750373692
0 0.49127906976744184 0.7081464872944694 0.9263565891472868 0.05754857997010463
0 0.49079457364341084 0.7836322869955157 0.9079457364341085 0.08295964125560538
0 0.4898255813953488 0.8561285500747384 0.9215116279069767 0.06203288490284006
0 0.49806201550387597 0.9289985052316891 0.9224806201550387 0.08370702541106129
