0 0.07606589147286821 0.01943198804185351 0.07267441860465117 0.017937219730941704
0 0.4878875968992248 0.06913303437967115 0.9079457364341085 0.08295964125560538
0 0.4941860465116279 0.15358744394618834 0.9147286821705426 0.08295964125560538
0 0.4791666666666667 0.23766816143497757 0.8866279069767442 0.08520179372197309
0 0.4956395348837209 0.3109118086696562 0.9253875968992248 0.06278026905829596
0 0.49806201550387597 0.3845291479820628 0.9205426356589147 0.08445440956651719
0 0.1618217054263566 0.43796711509715996 0.10465116279069768 0.02242152466367713
0 0.48594961240310075 0.4798206278026906 0.8963178294573644 0.06278026905829596
0 0.49709302325581395 0.5732436472346786 0.9263565891472868 0.12406576980568013
0 0.49224806201550386 0.6786248131539612 0.9263565891472868 0.07772795216741404
0 0.49660852713178294 0.7720478325859492 0.937015503875969 0.10612855007473841
0 0.49127906976744184 0.8785500747384155 0.937984496124031 0.10687593423019431
0 0.2616279069767442 0.9405829596412556 0.3062015503875969 0.0171898355754858
0 0.5082364341085271 0.9603886397608371 0.8071705426356589 0.02242152466367713
