0 0.48546511627906974 0.019805680119581465 0.8972868217054264 0.02765321375186846
0 0.4874031007751938 0.05044843049327354 0.9011627906976745 0.033632286995515695
0 0.49660852713178294 0.14424514200298955 0.9195736434108527 0.14648729446935724
0 0.4941860465116279 0.2615844544095665 0.9302325581395349 0.08520179372197309
0 0.4874031007751938 0.3542600896860987 0.9050387596899225 0.1031390134529148
0 0.5 0.4884155455904335 0.9244186046511628 0.1696562032884903
0 0.3173449612403101 0.5855754857997011 0.4176356589147287 0.01569506726457399
0 0.48546511627906974 0.6599402092675636 0.8972868217054264 0.12855007473841554
0 0.49079457364341084 0.7918535127055306 0.9098837209302325 0.10089686098654709
0 0.4898255813953488 0.8957399103139013 0.9079457364341085 0.10687593423019431
0 0.5130813953488372 0.9600149476831091 0.8052325581395349 0.01868460388639761
