0 0.49806201550387597 0.043348281016442454 0.9205426356589147 0.06278026905829596
0 0.500484496124031 0.14648729446935724 0.9273255813953488 0.14349775784753363
0 0.4946705426356589 0.29035874439461884 0.9253875968992248 0.14424514200298955
0 0.20300387596899225 0.3718236173393124 0.187015503875969 0.01868460388639761
0 0.4888565891472868 0.4248878923766816 0.9098837209302325 0.08744394618834081
0 0.4946705426356589 0.53101644245142 0.9234496124031008 0.12331838565022421
0 0.48643410852713176 0.6461136023916293 0.9166666666666666 0.10687593423019431
0 0.2771317829457364 0.7088938714499252 0.3430232558139535 0.01868460388639761
0 0.48498062015503873 0.8023168908819133 0.9021317829457365 0.1681614349775785
0 0.499031007751938 0.9278774289985052 0.9302325581395349 0.08146487294469357
