0 0.16375968992248063 0.01943198804185351 0.25387596899224807 0.016442451420029897
0 0.4874031007751938 0.05044843049327354 0.9127906976744186 0.045590433482810166
0 0.21996124031007752 0.08370702541106129 0.21511627906976744 0.02242152466367713
0 0.4646317829457364 0.11472346786248132 0.8556201550387597 0.03961136023916293
0 0.4946705426356589 0.17675635276532137 0.9195736434108527 0.08445440956651719
0 0.376453488372093 0.2585949177877429 0.5377906976744186 0.07772795216741404
0 0.49806201550387597 0.3310911808669656 0.9224806201550387 0.06726457399103139
0 0.4685077519379845 0.4174140508221226 0.8846899224806202 0.10687593423019431
0 0.4878875968992248 0.5022421524663677 0.9021317829457365 0.06278026905829596
0 0.5 0.625186846038864 0.9321705426356589 0.18460388639760836
0 0.4946705426356589 0.7713004484304933 0.9156976744186046 0.06278026905829596
0 0.1749031007751938 0.8135276532137519 0.1308139534883721 0.012705530642750373
0 0.4878875968992248 0.899103139013453 0.9040697674418605 0.14499252615844543
