0 0.48691860465116277 0.04147982062780269 0.9040697674418605 0.06203288490284006
0 0.499031007751938 0.14499252615844543 0.9263565891472868 0.14499252615844543
0 0.4941860465116279 0.29932735426008966 0.9244186046511628 0.16367713004484305
0 0.3372093023255814 0.3927503736920777 0.45542635658914726 0.021674140508221227
0 0.49806201550387597 0.43871449925261585 0.9224806201550387 0.06576980568011959
0 0.499031007751938 0.5325112107623319 0.936046511627907 0.1218236173393124
0 0.48498062015503873 0.624439461883408 0.9137596899224806 0.06203288490284006
0 0.49612403100775193 0.7096412556053812 0.9302325581395349 0.10837070254110613
0 0.49127906976744184 0.8060538116591929 0.9302325581395349 0.08445440956651719
0 0.5 0.8677130044843049 0.937984496124031 0.03886397608370702
0 0.49176356589147285 0.929372197309417 0.935077519379845 0.08445440956651719
