0 0.4903100775193798 0.040732436472346784 0.9031007751937985 0.06352765321375187
0 0.4898255813953488 0.14573991031390135 0.9137596899224806 0.14648729446935724
0 0.4903100775193798 0.2806427503736921 0.9282945736434108 0.12331838565022421
0 0.49127906976744184 0.37668161434977576 0.9127906976744186 0.0687593423019432
0 0.48643410852713176 0.461136023916293 0.9147286821705426 0.10014947683109118
0 0.4893410852713178 0.5642750373692078 0.9321705426356589 0.10612855007473841
0 0.49176356589147285 0.648355754857997 0.9156976744186046 0.06203288490284006
0 0.4903100775193798 0.7331838565022422 0.9321705426356589 0.10612855007473841
0 0.4883720930232558 0.827727952167414 0.9127906976744186 0.08295964125560538
0 0.49127906976744184 0.9211509715994021 0.9282945736434108 0.10089686098654709
