0 0.499031007751938 0.03886397608370702 0.9224806201550387 0.06726457399103139
0 0.23934108527131784 0.08071748878923767 0.25775193798449614 0.01943198804185351
0 0.49757751937984496 0.13452914798206278 0.9215116279069767 0.07922272047832586
0 0.498546511627907 0.25822122571001493 0.9273255813953488 0.1681614349775785
0 0.47771317829457366 0.38527653213751867 0.8798449612403101 0.08295964125560538
0 0.49079457364341084 0.48094170403587444 0.9215116279069767 0.10837070254110613
0 0.48304263565891475 0.5635276532137519 0.8924418604651163 0.059790732436472344
0 0.5 0.6767563527653214 0.9244186046511628 0.1741405082212257
0 0.20881782945736435 0.7720478325859492 0.19864341085271317 0.016442451420029897
0 0.4941860465116279 0.8789237668161435 0.9186046511627907 0.18535127055306427
