0 0.4937015503875969 0.043348281016442454 0.9176356589147286 0.07473841554559044
0 0.23594961240310078 0.12257100149476831 0.2567829457364341 0.02092675635276532
0 0.49806201550387597 0.2533632286995516 0.9244186046511628 0.2077727952167414
0 0.37257751937984496 0.39648729446935727 0.5300387596899225 0.030642750373692077
0 0.20300387596899225 0.437593423019432 0.187015503875969 0.02466367713004484
0 0.4743217054263566 0.4872944693572496 0.873062015503876 0.04932735426008968
0 0.5072674418604651 0.5418535127055306 0.7936046511627907 0.02391629297458894
0 0.48401162790697677 0.6184603886397608 0.8963178294573644 0.09790732436472346
0 0.4617248062015504 0.6890881913303438 0.7122093023255814 0.025411061285500747
0 0.42393410852713176 0.7929745889387145 0.6405038759689923 0.14947683109118087
0 0.20833333333333334 0.9020926756352765 0.20930232558139536 0.02092675635276532
0 0.1308139534883721 0.9417040358744395 0.04263565891472868 0.02242152466367713
