0 0.3313953488372093 0.02055306427503737 0.4573643410852713 0.020179372197309416
0 0.49127906976744184 0.062406576980568014 0.9147286821705426 0.06203288490284006
0 0.49757751937984496 0.13415545590433484 0.9292635658914729 0.08146487294469357
0 0.49079457364341084 0.2589686098654709 0.9273255813953488 0.1681614349775785
0 0.501937984496124 0.4155455904334828 0.937984496124031 0.14499252615844543
0 0.49127906976744184 0.5612855007473841 0.9341085271317829 0.15097159940209268
0 0.49612403100775193 0.6681614349775785 0.937984496124031 0.06278026905829596
0 0.48158914728682173 0.7313153961136024 0.9263565891472868 0.06352765321375187
0 0.49273255813953487 0.8064275037369207 0.9195736434108527 0.08669656203288491
0 0.48352713178294576 0.9121823617339312 0.9224806201550387 0.12481315396113603
