0 0.49176356589147285 0.040732436472346784 0.9060077519379846 0.06352765321375187
0 0.48352713178294576 0.11210762331838565 0.8934108527131783 0.07772795216741404
0 0.4883720930232558 0.18796711509715994 0.9186046511627907 0.06203288490284006
0 0.20155038759689922 0.22720478325859492 0.18604651162790697 0.016442451420029897
0 0.47625968992248063 0.25971599402092677 0.8788759689922481 0.03961136023916293
0 0.49612403100775193 0.32324364723467863 0.9127906976744186 0.08295964125560538
0 0.4951550387596899 0.44880418535127053 0.9282945736434108 0.1681614349775785
0 0.48352713178294576 0.6177130044843049 0.9437984496124031 0.1681614349775785
0 0.49709302325581395 0.7634529147982063 0.9321705426356589 0.12331838565022421
0 0.49273255813953487 0.9017189835575485 0.9331395348837209 0.1532137518684604
