0 0.2936046511627907 0.01905829596412556 0.5077519379844961 0.0171898355754858
0 0.49127906976744184 0.07361733931240658 0.9282945736434108 0.07698056801195814
0 0.49127906976744184 0.1547085201793722 0.9166666666666666 0.08520179372197309
0 0.4903100775193798 0.22757847533632286 0.9263565891472868 0.06053811659192825
0 0.500968992248062 0.31203288490284004 0.9224806201550387 0.10837070254110613
0 0.18556201550387597 0.37331838565022424 0.15406976744186046 0.0171898355754858
0 0.4903100775193798 0.43796711509715996 0.9031007751937985 0.11210762331838565
0 0.49612403100775193 0.5220478325859492 0.9166666666666666 0.05605381165919283
0 0.49224806201550386 0.5829596412556054 0.9224806201550387 0.06576980568011959
0 0.499515503875969 0.6375186846038864 0.9253875968992248 0.04035874439461883
0 0.4937015503875969 0.679372197309417 0.9215116279069767 0.04484304932735426
0 0.500484496124031 0.7328101644245142 0.9273255813953488 0.06203288490284006
0 0.3992248062015504 0.7832585949177877 0.5833333333333334 0.03886397608370702
0 0.49806201550387597 0.8337070254110612 0.9224806201550387 0.06203288490284006
0 0.4932170542635659 0.899103139013453 0.9282945736434108 0.0687593423019432
0 0.49079457364341084 0.9521674140508222 0.9137596899224806 0.03736920777279522
