0 0.500968992248062 0.061285500747384154 0.9282945736434108 0.10164424514200299
0 0.4878875968992248 0.17451420029895368 0.9195736434108527 0.12481315396113603
0 0.4937015503875969 0.2907324364723468 0.9176356589147286 0.10463378176382661
0 0.4878875968992248 0.41517189835575485 0.9176356589147286 0.14424514200298955
0 0.49176356589147285 0.5302690582959642 0.9273255813953488 0.08893871449925261
0 0.4878875968992248 0.6162182361733931 0.9060077519379846 0.07997010463378176
0 0.49806201550387597 0.6875934230194319 0.9282945736434108 0.06278026905829596
0 0.3066860465116279 0.7283258594917787 0.3963178294573643 0.01868460388639761
0 0.5 0.8030642750373692 0.9282945736434108 0.11883408071748879
0 0.49176356589147285 0.9200298953662183 0.9098837209302325 0.11360239162929746
