0 0.5025 0.07867360208062418 0.7416666666666667 0.04811443433029909
0 0.5133333333333333 0.12418725617685306 0.16 0.027308192457737322
0 0.88875 0.3706111833550065 0.09916666666666667 0.06762028608582575
0 0.9029166666666667 0.5065019505851756 0.07583333333333334 0.13133940182054615
0 0.8991666666666667 0.6079323797139142 0.04833333333333333 0.027308192457737322
0 0.46958333333333335 0.9310793237971391 0.15583333333333332 0.036410923276983094
0 0.665 0.9232769830949284 0.115 0.02080624187256177
0 0.25375 0.8667100130039012 0.0325 0.0247074122236671
0 0.42083333333333334 0.8667100130039012 0.03166666666666667 0.0247074122236671
0 0.5770833333333333 0.8680104031209362 0.0325 0.027308192457737322
0 0.7116666666666667 0.8667100130039012 0.03166666666666667 0.0247074122236671
0 0.5191666666666667 0.8673602080624188 0.018333333333333333 0.02340702210663199
0 0.3720833333333333 0.8673602080624188 0.019166666666666665 0.02340702210663199
