0 0.4934782608695652 0.47289156626506024 0.9695652173913043 0.43373493975903615
0 0.06884057971014493 0.733433734939759 0.12318840579710146 0.0391566265060241
0 0.06884057971014493 0.8373493975903614 0.12318840579710146 0.1144578313253012
0 0.8586956521739131 0.75 0.24202898550724639 0.060240963855421686
0 0.8586956521739131 0.8599397590361446 0.2391304347826087 0.08734939759036145
0 0.43333333333333335 0.7319277108433735 0.11884057971014493 0.04216867469879518
0 0.2528985507246377 0.7424698795180723 0.2246376811594203 0.0572289156626506
0 0.4985507246376812 0.21385542168674698 0.3217391304347826 0.024096385542168676
0 0.7862318840579711 0.21536144578313254 0.05652173913043478 0.02710843373493976
0 0.12028985507246377 0.12951807228915663 0.11594202898550725 0.07228915662650602
0 0.8681159420289855 0.10843373493975904 0.0782608695652174 0.030120481927710843
0 0.49420289855072463 0.10993975903614457 0.5391304347826087 0.14759036144578314
0 0.08405797101449275 0.21536144578313254 0.1246376811594203 0.02108433734939759
0 0.6166666666666667 0.7394578313253012 0.2246376811594203 0.06927710843373494
0 0.4355072463768116 0.8358433734939759 0.12028985507246377 0.10542168674698796
0 0.4340579710144927 0.9307228915662651 0.11739130434782609 0.030120481927710843
0 0.06811594202898551 0.9382530120481928 0.12173913043478261 0.02710843373493976
