0 0.4426923076923077 0.08881578947368421 0.8823076923076923 0.16776315789473684
0 0.77 0.24753289473684212 0.4461538461538462 0.12171052631578948
0 0.7746153846153846 0.3980263157894737 0.4461538461538462 0.1825657894736842
0 0.7734615384615384 0.5785361842105263 0.4469230769230769 0.15049342105263158
0 0.7707692307692308 0.7146381578947368 0.44461538461538463 0.09046052631578948
0 0.7711538461538462 0.8240131578947368 0.44846153846153847 0.09703947368421052
0 0.7715384615384615 0.9066611842105263 0.44769230769230767 0.04029605263157895
0 0.30653846153846154 0.8836348684210527 0.13615384615384615 0.015625
0 0.24384615384615385 0.9605263157894737 0.30923076923076925 0.046052631578947366
0 0.9107692307692308 0.9658717105263158 0.09846153846153846 0.04029605263157895
0 0.18653846153846154 0.359375 0.15 0.019736842105263157
