0 0.5013192612137203 0.0675 0.5303430079155673 0.02666666666666667
0 0.5164907651715039 0.16166666666666665 0.8350923482849604 0.07666666666666666
0 0.6259894459102903 0.30416666666666664 0.14907651715039577 0.021666666666666667
0 0.7170184696569921 0.3770833333333333 0.391820580474934 0.1175
0 0.6523746701846965 0.49375 0.34432717678100266 0.029166666666666667
0 0.4162269129287599 0.6541666666666667 0.10422163588390501 0.02666666666666667
0 0.5277044854881267 0.6979166666666666 0.39313984168865435 0.05583333333333333
0 0.4577836411609499 0.7879166666666667 0.316622691292876 0.030833333333333334
0 0.4630606860158311 0.5204166666666666 0.2612137203166227 0.015833333333333335
0 0.3337730870712401 0.8120833333333334 0.3720316622691293 0.0125
