0 0.46899736147757254 0.04041666666666666 0.3944591029023747 0.0275
0 0.15237467018469658 0.08291666666666667 0.22295514511873352 0.025833333333333333
0 0.5006596306068601 0.13375 0.9221635883905013 0.03916666666666667
0 0.17348284960422164 0.17 0.262532981530343 0.02
0 0.49604221635883905 0.41875 0.9102902374670184 0.45416666666666666
0 0.3449868073878628 0.6791666666666667 0.6134564643799473 0.05
0 0.2928759894459103 0.7420833333333333 0.5118733509234829 0.05583333333333333
0 0.2354881266490765 0.7845833333333333 0.3944591029023747 0.020833333333333332
0 0.28891820580474936 0.8158333333333333 0.503957783641161 0.02
0 0.22163588390501318 0.8795833333333334 0.36147757255936674 0.0775
