0 0.36013986013986016 0.0825 0.5454545454545454 0.11
0 0.3560606060606061 0.20833333333333334 0.3531468531468531 0.03333333333333333
0 0.6497668997668997 0.3258333333333333 0.5862470862470862 0.17
0 0.5372960372960373 0.45208333333333334 0.7878787878787878 0.04583333333333333
0 0.42599067599067597 0.5191666666666667 0.49067599067599066 0.035
0 0.5378787878787878 0.56375 0.8682983682983683 0.025833333333333333
0 0.2406759906759907 0.6858333333333333 0.18298368298368298 0.016666666666666666
0 0.5343822843822844 0.68375 0.19696969696969696 0.0175
0 0.8315850815850816 0.6858333333333333 0.19230769230769232 0.016666666666666666
0 0.23892773892773891 0.8166666666666667 0.19347319347319347 0.016666666666666666
0 0.5361305361305362 0.8179166666666666 0.19347319347319347 0.015833333333333335
0 0.831002331002331 0.8166666666666667 0.19114219114219114 0.016666666666666666
0 0.5396270396270396 0.84875 0.34265734265734266 0.024166666666666666
