0 0.35955710955710957 0.08291666666666667 0.5466200466200466 0.11583333333333333
0 0.3572261072261072 0.20833333333333334 0.3531468531468531 0.03833333333333333
0 0.48951048951048953 0.2725 0.634032634032634 0.028333333333333332
0 0.47435897435897434 0.32 0.6037296037296037 0.021666666666666667
0 0.5623543123543123 0.3675 0.7750582750582751 0.025
0 0.32226107226107226 0.45208333333333334 0.28554778554778554 0.0375
0 0.5303030303030303 0.5179166666666667 0.8041958041958042 0.04416666666666667
0 0.5291375291375291 0.5791666666666667 0.8065268065268065 0.058333333333333334
0 0.5413752913752914 0.6479166666666667 0.831002331002331 0.04416666666666667
0 0.513986013986014 0.7008333333333333 0.7762237762237763 0.04666666666666667
0 0.5174825174825175 0.7566666666666667 0.7855477855477856 0.045
0 0.5303030303030303 0.8108333333333333 0.8041958041958042 0.041666666666666664
