0 0.4703166226912929 0.04125 0.3970976253298153 0.024166666666666666
0 0.15435356200527706 0.08333333333333333 0.22691292875989447 0.02
0 0.5019788918205804 0.13625 0.924802110817942 0.03916666666666667
0 0.16886543535620052 0.1825 0.2638522427440633 0.023333333333333334
0 0.4887862796833773 0.24166666666666667 0.895778364116095 0.04666666666666667
0 0.4940633245382586 0.29625 0.9063324538258575 0.0375
0 0.4920844327176781 0.3466666666666667 0.9050131926121372 0.04833333333333333
0 0.48021108179419525 0.4091666666666667 0.8786279683377308 0.05333333333333334
0 0.3449868073878628 0.4508333333333333 0.6081794195250659 0.018333333333333333
0 0.4953825857519789 0.49375 0.9063324538258575 0.050833333333333335
0 0.23350923482849603 0.5391666666666667 0.38522427440633245 0.021666666666666667
0 0.3634564643799472 0.6495833333333333 0.6503957783641161 0.05583333333333333
0 0.23614775725593667 0.6941666666666667 0.39577836411609496 0.02
0 0.2869393139841689 0.7241666666666666 0.5 0.02
0 0.22229551451187335 0.82375 0.3627968337730871 0.08916666666666667
