0 0.7083333333333334 0.09952229299363058 0.555 0.0875796178343949
0 0.6920833333333334 0.1695859872611465 0.3525 0.042993630573248405
0 0.5783333333333334 0.2906050955414013 0.125 0.06847133757961783
0 0.5775 0.375 0.22833333333333333 0.052547770700636945
0 0.89125 0.2659235668789809 0.14916666666666667 0.03503184713375796
0 0.9133333333333333 0.31210191082802546 0.10333333333333333 0.03821656050955414
0 0.6029166666666667 0.5796178343949044 0.17083333333333334 0.03503184713375796
0 0.5679166666666666 0.6242038216560509 0.24083333333333334 0.03184713375796178
0 0.6225 0.6695859872611465 0.13833333333333334 0.03662420382165605
0 0.7966666666666666 0.5326433121019108 0.14333333333333334 0.03980891719745223
0 0.7733333333333333 0.5684713375796179 0.09666666666666666 0.03184713375796178
0 0.79125 0.607484076433121 0.13083333333333333 0.03343949044585987
0 0.63 0.8136942675159236 0.11 0.07961783439490445
0 0.8041666666666667 0.8160828025477707 0.165 0.07484076433121019
0 0.8270833333333333 0.9092356687898089 0.2675 0.050955414012738856
0 0.5541666666666667 0.9689490445859873 0.23666666666666666 0.03343949044585987
0 0.7533333333333333 0.9689490445859873 0.145 0.030254777070063694
0 0.9141666666666667 0.9665605095541401 0.14833333333333334 0.03184713375796178
