0 0.13833333333333334 0.2125796178343949 0.125 0.03343949044585987
0 0.13791666666666666 0.38136942675159236 0.16583333333333333 0.03980891719745223
0 0.13833333333333334 0.5421974522292994 0.125 0.03343949044585987
0 0.13666666666666666 0.7269108280254777 0.09 0.030254777070063694
0 0.13833333333333334 0.9299363057324841 0.09 0.03821656050955414
0 0.46291666666666664 0.13535031847133758 0.4608333333333333 0.10509554140127389
0 0.45458333333333334 0.30095541401273884 0.44583333333333336 0.10509554140127389
0 0.46166666666666667 0.4538216560509554 0.4583333333333333 0.13694267515923567
0 0.46 0.625 0.4533333333333333 0.16401273885350318
0 0.4579166666666667 0.8638535031847133 0.4525 0.11624203821656051
