0 0.1293402777777778 0.12083333333333333 0.2048611111111111 0.018333333333333333
0 0.4787326388888889 0.17083333333333334 0.9036458333333334 0.05
0 0.4796006944444444 0.23916666666666667 0.9071180555555556 0.04666666666666667
0 0.4774305555555556 0.3 0.9027777777777778 0.03166666666666667
0 0.4787326388888889 0.35875 0.9053819444444444 0.05416666666666667
0 0.4661458333333333 0.43083333333333335 0.8819444444444444 0.055
0 0.4709201388888889 0.48833333333333334 0.8897569444444444 0.03833333333333333
0 0.4782986111111111 0.5479166666666667 0.9045138888888888 0.05416666666666667
0 0.4704861111111111 0.6058333333333333 0.890625 0.028333333333333332
0 0.4835069444444444 0.6591666666666667 0.9149305555555556 0.03166666666666667
0 0.4644097222222222 0.7091666666666666 0.8767361111111112 0.03666666666666667
0 0.4769965277777778 0.7595833333333334 0.9019097222222222 0.034166666666666665
0 0.2243923611111111 0.80375 0.3967013888888889 0.019166666666666665
0 0.09765625 0.8366666666666667 0.13975694444444445 0.02
0 0.12803819444444445 0.8716666666666667 0.20399305555555555 0.018333333333333333
0 0.06770833333333333 0.9045833333333333 0.08333333333333333 0.019166666666666665
