0 0.49833333333333335 0.68875 0.7266666666666667 0.135
0 0.5033333333333333 0.7825 0.67 0.025
0 0.49833333333333335 0.8375 0.7466666666666667 0.0275
0 0.17916666666666667 0.315625 0.115 0.01875
0 0.17833333333333334 0.34375 0.13333333333333333 0.015
0 0.17833333333333334 0.51 0.12333333333333334 0.015
0 0.17916666666666667 0.536875 0.07833333333333334 0.01875
0 0.3425 0.320625 0.13166666666666665 0.02125
0 0.3425 0.341875 0.08166666666666667 0.01625
0 0.5033333333333333 0.316875 0.12666666666666668 0.01875
0 0.5 0.344375 0.11 0.01625
0 0.3425 0.524375 0.13166666666666665 0.04375
0 0.5016666666666667 0.526875 0.13 0.04875
0 0.17833333333333334 0.286875 0.13 0.03625
0 0.3458333333333333 0.29 0.105 0.04
0 0.5016666666666667 0.289375 0.13333333333333333 0.04125
0 0.18166666666666667 0.483125 0.13 0.03625
0 0.3433333333333333 0.485625 0.13 0.03375
0 0.5025 0.48125 0.11166666666666666 0.04
