2 0.489273927393 0.148066298343 0.229372937294 0.0353591160221
0 0.488448844884 0.185082872928 0.300330033003 0.0276243093923
0 0.490099009901 0.233701657459 0.214521452145 0.0187845303867
0 0.489273927393 0.253591160221 0.100660066007 0.0165745856354
0 0.490099009901 0.27182320442 0.313531353135 0.0198895027624
2 0.470297029703 0.719337016575 0.709570957096 0.0729281767956
0 0.504125412541 0.473480662983 0.36798679868 0.0209944751381
0 0.505775577558 0.49226519337 0.612211221122 0.0209944751381
0 0.233498349835 0.862983425414 0.216171617162 0.0220994475138
0 0.176567656766 0.882872928177 0.122112211221 0.017679558011
0 0.158415841584 0.901657458564 0.0726072607261 0.017679558011
0 0.484323432343 0.882872928177 0.308580858086 0.017679558011
0 0.488448844884 0.901104972376 0.19801980198 0.0187845303867
0 0.757425742574 0.898895027624 0.16501650165 0.0232044198895
