1 0.12390542907180385 0.03506650544135429 0.03940455341506129 0.02539298669891173
1 0.26663747810858146 0.03657799274486094 0.16549912434325745 0.03083434099153567
1 0.21978984238178634 0.11033857315598548 0.30472854640980734 0.02962515114873035
1 0.46716287215411556 0.20253929866989118 0.8012259194395797 0.14993954050785974
1 0.46760070052539404 0.33282950423216445 0.8003502626970228 0.11668681983071343
1 0.46628721541155865 0.4283555018137848 0.8012259194395797 0.06106408706166868
1 0.6777583187390543 0.5184401451027811 0.37302977232924694 0.11910519951632406
1 0.6786339754816112 0.656590084643289 0.37653239929947463 0.14993954050785974
1 0.21322241681260945 0.747279322853688 0.29334500875656744 0.02902055622732769
1 0.4658493870402802 0.8527811366384522 0.8038528896672504 0.18198307134220074
