1 0.87784588441331 0.03839177750906892 0.03590192644483362 0.02357920193470375
1 0.6882661996497373 0.035671100362756954 0.266199649737303 0.026602176541717048
1 0.345446584938704 0.1124546553808948 0.1725043782837128 0.03385731559854897
1 0.7224168126094571 0.12666263603385733 0.26970227670753066 0.058645707376058044
1 0.36514886164623467 0.24546553808948005 0.21541155866900175 0.11729141475211609
1 0.6646234676007006 0.3213422007255139 0.15236427320490367 0.2750906892382104
1 0.38528896672504376 0.36577992744860943 0.2521891418563923 0.11487303506650544
1 0.6799474605954466 0.5652962515114873 0.1830122591943958 0.14026602176541716
1 0.36033274956217165 0.5483675937122128 0.20577933450087565 0.12575574365175332
1 0.37040280210157617 0.7315598548972189 0.22591943957968477 0.12817412333736397
1 0.6563047285464098 0.74546553808948 0.13572679509632224 0.14268440145102781
1 0.5328371278458844 0.8923821039903265 0.8012259194395797 0.09189842805320435
