0 0.5542959427207638 0.11333333333333333 0.0513126491646778 0.021176470588235293
0 0.5507159904534606 0.14823529411764705 0.7100238663484487 0.04392156862745098
0 0.5507159904534606 0.21568627450980393 0.7076372315035799 0.034509803921568626
0 0.5572792362768496 0.24274509803921568 0.0405727923627685 0.01647058823529412
0 0.5584725536992841 0.27176470588235296 0.2100238663484487 0.02431372549019608
0 0.5531026252983293 0.3149019607843137 0.5954653937947494 0.04784313725490196
0 0.5531026252983293 0.34862745098039216 0.08949880668257756 0.014901960784313726
0 0.5531026252983293 0.3807843137254902 0.16348448687350836 0.027450980392156862
0 0.5566825775656324 0.4074509803921569 0.08472553699284009 0.014901960784313726
0 0.5513126491646778 0.4380392156862745 0.5894988066825776 0.03058823529411765
0 0.5525059665871122 0.5019607843137255 0.5871121718377088 0.04392156862745098
0 0.5566825775656324 0.5466666666666666 0.4307875894988067 0.02666666666666667
0 0.5525059665871122 0.6125490196078431 0.34844868735083534 0.023529411764705882
0 0.5507159904534606 0.8454901960784313 0.6957040572792362 0.08627450980392157
