0 0.28880407124681934 0.10122699386503067 0.455470737913486 0.08588957055214724
0 0.3231552162849873 0.34662576687116564 0.2544529262086514 0.07975460122699386
0 0.6997455470737913 0.34662576687116564 0.14249363867684478 0.0736196319018405
0 0.2786259541984733 0.5030674846625767 0.15521628498727735 0.0736196319018405
0 0.6984732824427481 0.504601226993865 0.1450381679389313 0.07668711656441718
0 0.3651399491094148 0.8558282208588958 0.17557251908396945 0.08588957055214724
0 0.3816793893129771 0.4263803680981595 0.035623409669211195 0.06748466257668712
0 0.3816793893129771 0.5751533742331288 0.035623409669211195 0.06441717791411043
0 0.8129770992366412 0.42484662576687116 0.03816793893129771 0.0705521472392638
0 0.7786259541984732 0.5766871165644172 0.10687022900763359 0.06748466257668712
0 0.4618320610687023 0.1794478527607362 0.8015267175572519 0.08895705521472393
