0 0.4893410852713178 0.03811659192825112 0.9011627906976745 0.05530642750373692
0 0.49273255813953487 0.13228699551569506 0.9176356589147286 0.12855007473841554
0 0.49709302325581395 0.26046337817638265 0.9282945736434108 0.12780269058295965
0 0.2441860465116279 0.3333333333333333 0.2693798449612403 0.017937219730941704
0 0.498546511627907 0.3740657698056801 0.9253875968992248 0.06053811659192825
0 0.502906976744186 0.4514200298953662 0.9341085271317829 0.08370702541106129
0 0.4937015503875969 0.5336322869955157 0.9312015503875969 0.07922272047832586
0 0.48158914728682173 0.6065022421524664 0.8934108527131783 0.05605381165919283
0 0.4844961240310077 0.679372197309417 0.9186046511627907 0.07922272047832586
0 0.4903100775193798 0.7742899850523169 0.9108527131782945 0.10014947683109118
0 0.4932170542635659 0.8867713004484304 0.9244186046511628 0.12481315396113603
0 0.5213178294573644 0.9630044843049327 0.8255813953488372 0.0171898355754858
