0 0.4951550387596899 0.05904334828101644 0.9205426356589147 0.10612855007473841
0 0.22335271317829458 0.12518684603886399 0.22771317829457363 0.01868460388639761
0 0.49127906976744184 0.20739910313901344 0.9089147286821705 0.14573991031390135
0 0.4946705426356589 0.3221225710014948 0.9215116279069767 0.08520179372197309
0 0.49757751937984496 0.41816143497757846 0.9215116279069767 0.10687593423019431
0 0.49224806201550386 0.5440956651718983 0.9224806201550387 0.14648729446935724
0 0.49224806201550386 0.6595665171898356 0.9108527131782945 0.08445440956651719
0 0.4903100775193798 0.7940956651718983 0.9224806201550387 0.18460388639760836
0 0.28972868217054265 0.8968609865470852 0.35852713178294576 0.02092675635276532
0 0.47771317829457366 0.9413303437967115 0.8798449612403101 0.07100149476831091
