0 0.13420542635658914 0.01868460388639761 0.18895348837209303 0.01943198804185351
0 0.48401162790697677 0.062406576980568014 0.8885658914728682 0.06203288490284006
0 0.49660852713178294 0.13565022421524664 0.9176356589147286 0.08146487294469357
0 0.49612403100775193 0.21674140508221226 0.9224806201550387 0.08071748878923767
0 0.501937984496124 0.3015695067264574 0.9302325581395349 0.08744394618834081
0 0.49757751937984496 0.4080717488789238 0.9156976744186046 0.12556053811659193
0 0.500484496124031 0.5 0.9234496124031008 0.05680119581464873
0 0.4951550387596899 0.5710014947683109 0.9166666666666666 0.08669656203288491
0 0.499515503875969 0.6804932735426009 0.9253875968992248 0.12630792227204785
0 0.49806201550387597 0.7836322869955157 0.9224806201550387 0.08295964125560538
0 0.48207364341085274 0.8680866965620329 0.8846899224806202 0.08594917787742899
0 0.4874031007751938 0.929745889387145 0.9050387596899225 0.03736920777279522
