0 0.49709302325581395 0.0601644245142003 0.9186046511627907 0.10538116591928251
0 0.49757751937984496 0.18796711509715994 0.9292635658914729 0.1517189835575486
0 0.49079457364341084 0.3030642750373692 0.9234496124031008 0.07847533632286996
0 0.4946705426356589 0.38714499252615847 0.9273255813953488 0.08968609865470852
0 0.26695736434108525 0.4405829596412556 0.31492248062015504 0.0171898355754858
0 0.49224806201550386 0.507473841554559 0.9147286821705426 0.11659192825112108
0 0.2688953488372093 0.5840807174887892 0.32073643410852715 0.021674140508221227
0 0.4946705426356589 0.6591928251121076 0.9137596899224806 0.12705530642750373
0 0.49806201550387597 0.7701793721973094 0.9224806201550387 0.10239162929745889
0 0.49273255813953487 0.899103139013453 0.9253875968992248 0.14499252615844543
