0 0.49127906976744184 0.044095665171898356 0.9089147286821705 0.06726457399103139
0 0.4946705426356589 0.14499252615844543 0.9234496124031008 0.10014947683109118
0 0.18895348837209303 0.21076233183856502 0.1569767441860465 0.017937219730941704
0 0.49176356589147285 0.30269058295964124 0.9118217054263565 0.16741405082212257
0 0.49757751937984496 0.48019431988041855 0.9234496124031008 0.1860986547085202
0 0.48546511627906974 0.6147234678624813 0.9089147286821705 0.08445440956651719
0 0.1569767441860465 0.6681614349775785 0.09496124031007752 0.02242152466367713
0 0.48255813953488375 0.7215994020926756 0.8914728682170543 0.08445440956651719
0 0.4937015503875969 0.8034379671150972 0.9331395348837209 0.07772795216741404
0 0.49273255813953487 0.9069506726457399 0.9156976744186046 0.12929745889387145
