0 0.499515503875969 0.08333333333333333 0.9234496124031008 0.14275037369207771
0 0.502906976744186 0.22944693572496264 0.9321705426356589 0.14947683109118087
0 0.49757751937984496 0.34566517189835577 0.9292635658914729 0.08295964125560538
0 0.22625968992248063 0.3927503736920777 0.24321705426356588 0.014200298953662182
0 0.49660852713178294 0.45590433482810166 0.9215116279069767 0.11210762331838565
0 0.49612403100775193 0.5840807174887892 0.936046511627907 0.14424514200298955
0 0.4932170542635659 0.71898355754858 0.937984496124031 0.12556053811659193
0 0.500968992248062 0.8243647234678625 0.936046511627907 0.07623318385650224
0 0.2063953488372093 0.875560538116592 0.19573643410852712 0.011210762331838564
0 0.501453488372093 0.9308669656203289 0.9312015503875969 0.08893871449925261
