0 0.4898255813953488 0.05044843049327354 0.9040697674418605 0.07847533632286996
0 0.4956395348837209 0.15134529147982062 0.9118217054263565 0.12331838565022421
0 0.49709302325581395 0.28101644245142005 0.9186046511627907 0.12257100149476831
0 0.499515503875969 0.42675635276532137 0.9253875968992248 0.16890881913303438
0 0.4680232558139535 0.5306427503736921 0.8701550387596899 0.03886397608370702
0 0.4937015503875969 0.6270553064275037 0.9079457364341085 0.13901345291479822
0 0.49806201550387597 0.7754110612855007 0.9186046511627907 0.14723467862481315
0 0.4646317829457364 0.8792974588938715 0.8556201550387597 0.06053811659192825
0 0.21656976744186046 0.9189088191330343 0.21414728682170542 0.01868460388639761
0 0.48498062015503873 0.95254110612855 0.8963178294573644 0.03811659192825112
