0 0.4811046511627907 0.030269058295964126 0.8846899224806202 0.03961136023916293
0 0.24273255813953487 0.11397608370702542 0.26841085271317827 0.04110612855007474
0 0.4689922480620155 0.1647982062780269 0.8624031007751938 0.06053811659192825
0 0.4937015503875969 0.2242152466367713 0.9098837209302325 0.06726457399103139
0 0.4883720930232558 0.3109118086696562 0.9089147286821705 0.10612855007473841
0 0.4893410852713178 0.3927503736920777 0.9050387596899225 0.05605381165919283
0 0.48594961240310075 0.47159940209267565 0.9137596899224806 0.07922272047832586
0 0.49757751937984496 0.5530642750373692 0.9292635658914729 0.08370702541106129
0 0.48255813953488375 0.6259342301943199 0.9069767441860465 0.06203288490284006
0 0.4883720930232558 0.6872197309417041 0.9089147286821705 0.06053811659192825
0 0.47625968992248063 0.7290732436472347 0.7393410852713178 0.012705530642750373
0 0.48158914728682173 0.7716741405082213 0.8895348837209303 0.06053811659192825
0 0.5 0.8568759342301944 0.9244186046511628 0.10538116591928251
0 0.4951550387596899 0.9439461883408071 0.9224806201550387 0.06576980568011959
