0 0.49806201550387597 0.05904334828101644 0.9186046511627907 0.10612855007473841
0 0.32751937984496127 0.12556053811659193 0.43410852713178294 0.02242152466367713
0 0.5 0.1655455904334828 0.9263565891472868 0.06203288490284006
0 0.4946705426356589 0.226457399103139 0.9234496124031008 0.06278026905829596
0 0.48691860465116277 0.32249626307922274 0.9215116279069767 0.12929745889387145
0 0.4956395348837209 0.47159940209267565 0.9215116279069767 0.16890881913303438
0 0.48401162790697677 0.6184603886397608 0.9118217054263565 0.1218236173393124
0 0.4874031007751938 0.7223467862481315 0.9282945736434108 0.08445440956651719
0 0.49660852713178294 0.8056801195814649 0.9234496124031008 0.08221225710014948
0 0.48207364341085274 0.9103139013452914 0.9021317829457365 0.12257100149476831
