0 0.49757751937984496 0.08370702541106129 0.9176356589147286 0.14648729446935724
0 0.49224806201550386 0.18796711509715994 0.9224806201550387 0.06203288490284006
0 0.22286821705426357 0.23019431988041852 0.22674418604651161 0.02242152466367713
0 0.49612403100775193 0.2713004484304933 0.9186046511627907 0.06278026905829596
0 0.49806201550387597 0.35351270553064273 0.9224806201550387 0.10164424514200299
0 0.4932170542635659 0.4577727952167414 0.9205426356589147 0.10687593423019431
0 0.49273255813953487 0.5840807174887892 0.9312015503875969 0.14573991031390135
0 0.49709302325581395 0.7215994020926756 0.9244186046511628 0.12929745889387145
0 0.49079457364341084 0.8363228699551569 0.9253875968992248 0.10014947683109118
0 0.49612403100775193 0.930119581464873 0.9205426356589147 0.08295964125560538
