0 0.4874031007751938 0.03998505231689088 0.9011627906976745 0.06203288490284006
0 0.4932170542635659 0.12369207772795217 0.9205426356589147 0.10089686098654709
0 0.3507751937984496 0.18535127055306427 0.48255813953488375 0.02242152466367713
0 0.4801356589147287 0.24887892376681614 0.8866279069767442 0.10762331838565023
0 0.49127906976744184 0.34491778774289983 0.9205426356589147 0.08445440956651719
0 0.4874031007751938 0.44207772795216743 0.9186046511627907 0.10687593423019431
0 0.4956395348837209 0.5332585949177877 0.9215116279069767 0.07548579970104634
0 0.49079457364341084 0.6457399103139013 0.9060077519379846 0.14648729446935724
0 0.2926356589147287 0.7301943198804185 0.37209302325581395 0.02242152466367713
0 0.49757751937984496 0.7944693572496263 0.9195736434108527 0.10911808669656203
0 0.49176356589147285 0.9110612855007474 0.9195736434108527 0.12406576980568013
