0 0.4932170542635659 0.04035874439461883 0.9147286821705426 0.0687593423019432
0 0.4956395348837209 0.17750373692077728 0.9312015503875969 0.2055306427503737
0 0.48255813953488375 0.31128550074738415 0.9244186046511628 0.06053811659192825
0 0.29748062015503873 0.35201793721973096 0.3875968992248062 0.02092675635276532
0 0.48643410852713176 0.39349775784753366 0.9031007751937985 0.06203288490284006
0 0.4888565891472868 0.47757847533632286 0.9195736434108527 0.10612855007473841
0 0.49176356589147285 0.5930493273542601 0.935077519379845 0.12630792227204785
0 0.5 0.7092675635276532 0.9341085271317829 0.10612855007473841
0 0.4878875968992248 0.8165171898355755 0.9292635658914729 0.10687593423019431
0 0.30523255813953487 0.8770553064275037 0.4011627906976744 0.01868460388639761
0 0.49079457364341084 0.9308669656203289 0.9176356589147286 0.08744394618834081
