0 0.4888565891472868 0.05044843049327354 0.9040697674418605 0.07847533632286996
0 0.4903100775193798 0.14573991031390135 0.9108527131782945 0.05680119581464873
0 0.49127906976744184 0.21599402092675635 0.9147286821705426 0.08370702541106129
0 0.4874031007751938 0.2806427503736921 0.9127906976744186 0.042600896860986545
0 0.4946705426356589 0.3725710014947683 0.9215116279069767 0.1412556053811659
0 0.4946705426356589 0.46860986547085204 0.9234496124031008 0.03886397608370702
0 0.501937984496124 0.5612855007473841 0.9244186046511628 0.14648729446935724
0 0.49806201550387597 0.6872197309417041 0.9224806201550387 0.10538116591928251
0 0.39147286821705424 0.7526158445440957 0.563953488372093 0.02242152466367713
0 0.49806201550387597 0.8254857997010463 0.9244186046511628 0.1218236173393124
0 0.500968992248062 0.929372197309417 0.9282945736434108 0.08445440956651719
