0 0.46174142480211083 0.06458333333333334 0.38258575197889183 0.0225
0 0.15105540897097625 0.11833333333333333 0.22031662269129287 0.018333333333333333
0 0.4947229551451187 0.16083333333333333 0.9129287598944591 0.04
0 0.1695250659630607 0.21791666666666668 0.2678100263852243 0.0275
0 0.4782321899736148 0.27625 0.8720316622691293 0.0575
0 0.27440633245382584 0.32 0.46701846965699206 0.021666666666666667
0 0.20580474934036938 0.3933333333333333 0.32981530343007914 0.11
0 0.4967018469656992 0.4741666666666667 0.9116094986807388 0.03333333333333333
0 0.49274406332453824 0.52125 0.9036939313984169 0.030833333333333334
0 0.3627968337730871 0.6483333333333333 0.6517150395778364 0.04833333333333333
0 0.23482849604221637 0.6925 0.39577836411609496 0.023333333333333334
0 0.2869393139841689 0.7204166666666667 0.5 0.019166666666666665
0 0.2196569920844327 0.8229166666666666 0.36015831134564646 0.08416666666666667
