0 0.462401055408971 0.06291666666666666 0.391820580474934 0.030833333333333334
0 0.1517150395778364 0.11125 0.22163588390501318 0.0225
0 0.503957783641161 0.14583333333333334 0.9261213720316622 0.03666666666666667
0 0.17150395778364116 0.18666666666666668 0.25857519788918204 0.021666666666666667
0 0.49076517150395776 0.24875 0.9023746701846965 0.07916666666666666
0 0.4868073878627968 0.3154166666666667 0.8944591029023746 0.030833333333333334
0 0.4808707124010554 0.37625 0.8878627968337731 0.06416666666666666
0 0.47757255936675463 0.43583333333333335 0.8812664907651715 0.03333333333333333
0 0.4815303430079156 0.49375 0.8891820580474934 0.06916666666666667
0 0.4808707124010554 0.5533333333333333 0.8878627968337731 0.03333333333333333
0 0.49076517150395776 0.605 0.9076517150395779 0.051666666666666666
0 0.3660949868073879 0.6725 0.6556728232189973 0.06333333333333334
0 0.18865435356200527 0.7229166666666667 0.3034300791556728 0.015833333333333335
0 0.29683377308707126 0.7866666666666666 0.5145118733509235 0.04666666666666667
0 0.23746701846965698 0.8308333333333333 0.39313984168865435 0.02
0 0.28562005277044855 0.86125 0.4973614775725594 0.025833333333333333
0 0.2196569920844327 0.9254166666666667 0.3575197889182058 0.07583333333333334
