0 0.13833333333333334 0.22452229299363058 0.06833333333333333 0.03184713375796178
0 0.13833333333333334 0.39331210191082805 0.11166666666666666 0.03503184713375796
0 0.13875 0.553343949044586 0.10916666666666666 0.030254777070063694
0 0.13833333333333334 0.7285031847133758 0.105 0.030254777070063694
0 0.13875 0.9203821656050956 0.10583333333333333 0.03821656050955414
0 0.4429166666666667 0.15047770700636942 0.4191666666666667 0.09394904458598727
0 0.4575 0.3200636942675159 0.44666666666666666 0.09872611464968153
0 0.45125 0.4339171974522293 0.4325 0.06528662420382166
0 0.45166666666666666 0.5015923566878981 0.43333333333333335 0.06687898089171974
0 0.4625 0.6257961783439491 0.46 0.10191082802547771
0 0.45916666666666667 0.8351910828025477 0.455 0.13535031847133758
