0 0.46533203125 0.06257706535141801 0.3876953125 0.027743526510480888
0 0.150390625 0.09926017262638717 0.22265625 0.01726263871763255
0 0.48291015625 0.13286066584463624 0.8876953125 0.028976572133168926
0 0.16845703125 0.16337854500616522 0.2548828125 0.02096177558569667
0 0.49169921875 0.39611590628853266 0.9033203125 0.43711467324291
0 0.4775390625 0.6652281134401973 0.876953125 0.07768187422934648
0 0.314453125 0.7318125770653514 0.55078125 0.0345252774352651
0 0.130859375 0.7675709001233045 0.177734375 0.018495684340320593
0 0.29248046875 0.815043156596794 0.5048828125 0.05055487053020962
0 0.2158203125 0.8563501849568435 0.353515625 0.01726263871763255
0 0.263671875 0.8868680641183724 0.44921875 0.020345252774352653
0 0.201171875 0.9435881627620222 0.3203125 0.07829839704069051
