0 0.6694915254237288 0.06541666666666666 0.6059322033898306 0.04416666666666667
0 0.4978813559322034 0.17458333333333334 0.5296610169491526 0.0475
0 0.2065677966101695 0.24083333333333334 0.336864406779661 0.02
0 0.4819915254237288 0.31333333333333335 0.8919491525423728 0.09666666666666666
0 0.4417372881355932 0.3904166666666667 0.8114406779661016 0.0375
0 0.3072033898305085 0.4325 0.5466101694915254 0.03333333333333333
0 0.4915254237288136 0.6395833333333333 0.9152542372881356 0.3458333333333333
0 0.3209745762711864 0.8520833333333333 0.5741525423728814 0.049166666666666664
0 0.4555084745762712 0.9133333333333333 0.847457627118644 0.051666666666666666
0 0.3103813559322034 0.96625 0.548728813559322 0.0325
