2 0.489273927393 0.13591160221 0.450495049505 0.0397790055249
2 0.46699669967 0.529281767956 0.693069306931 0.0773480662983
2 0.180693069307 0.621546961326 0.0841584158416 0.102762430939
2 0.460396039604 0.62044198895 0.392739273927 0.100552486188
2 0.446369636964 0.690055248619 0.648514851485 0.0342541436464
0 0.241749174917 0.62044198895 0.0280528052805 0.100552486188
0 0.53795379538 0.76408839779 0.181518151815 0.0475138121547
0 0.490924092409 0.821546961326 0.460396039604 0.0541436464088
0 0.603135313531 0.906629834254 0.509900990099 0.0209944751381
0 0.200495049505 0.907182320442 0.156765676568 0.0154696132597
2 0.347359735974 0.188397790055 0.450495049505 0.0209944751381
2 0.259075907591 0.229834254144 0.277227722772 0.0198895027624
2 0.343234323432 0.27182320442 0.452145214521 0.0220994475138
2 0.207920792079 0.314917127072 0.184818481848 0.0220994475138
2 0.342409240924 0.358011049724 0.443894389439 0.0220994475138
2 0.306930693069 0.401657458564 0.372937293729 0.0209944751381
2 0.310231023102 0.444198895028 0.386138613861 0.0243093922652
