1 0.6882661996497373 0.03839177750906892 0.2626970227670753 0.02720677146311971
1 0.876970227670753 0.034461910519951636 0.03239929947460595 0.015719467956469165
1 0.5332749562171629 0.13845223700120918 0.7968476357267951 0.09068923821039904
1 0.5337127845884413 0.21311970979443773 0.797723292469352 0.0562273276904474
1 0.5337127845884413 0.27448609431680776 0.7959719789842382 0.06408706166868199
1 0.5341506129597198 0.33615477629987905 0.7968476357267951 0.053204353083434096
1 0.5359019264448336 0.440447400241838 0.8021015761821366 0.14933494558645707
1 0.5341506129597198 0.6399637243047158 0.8003502626970228 0.23397823458282951
1 0.5748686514886164 0.7769044740024184 0.5647985989492119 0.026602176541717048
1 0.5880035026269702 0.848851269649335 0.6873905429071804 0.11729141475211609
1 0.5350262697022767 0.9277509068923822 0.7985989492119089 0.03204353083434099
