1 0.2683887915936953 0.034461910519951636 0.16199649737302976 0.026602176541717048
1 0.12259194395796848 0.03657799274486094 0.03327495621716287 0.01995163240628779
1 0.22154115586690018 0.10731559854897219 0.3117338003502627 0.03083434099153567
1 0.46672504378283713 0.2158403869407497 0.8021015761821366 0.17896009673518742
1 0.46409807355516636 0.38361547762998793 0.8003502626970228 0.1505441354292624
1 0.46453590192644484 0.5190447400241838 0.8012259194395797 0.12031438935912939
1 0.4658493870402802 0.6239419588875453 0.8021015761821366 0.08706166868198308
1 0.46409807355516636 0.6986094316807738 0.8003502626970228 0.05985489721886336
1 0.46453590192644484 0.7899032648125756 0.8012259194395797 0.12273276904474002
1 0.46453590192644484 0.8981257557436517 0.7994746059544658 0.09371221281741234
