./Labeling/input/X00000_Latin108.jpg 184,231,395,246,0 183,250,392,262,0 115,261,186,271,0 
./Labeling/input/X00001_Latin58.jpg 174,45,441,81,0 175,141,361,166,0 
./Labeling/input/X00002_Latin70.jpg 87,184,228,195,0 38,194,82,202,0 78,211,203,220,0 50,220,118,229,0 
./Labeling/input/X00003_Latin120.jpg 183,232,410,243,0 138,243,272,253,0 166,260,359,270,0 174,271,383,281,0 168,289,364,299,0 132,299,257,309,0 
./Labeling/input/X00004_Latin64.jpg 86,146,226,155,0 59,156,145,166,0 52,166,125,177,0 51,184,121,193,0 49,193,118,201,0 
./Labeling/input/X00005_Inuk55.jpg 114,27,294,42,2 75,42,179,57,2 124,58,329,72,2 63,73,139,88,2 148,89,395,103,2 89,104,218,120,2 135,120,358,133,2 94,136,231,154,2 
./Labeling/input/X00006_Inuk41.jpg 185,27,474,44,2 159,43,460,60,2 153,58,442,71,2 159,73,455,88,2 169,89,485,103,2 39,106,97,118,2 
./Labeling/input/X00007_Inuk69.jpg 175,28,468,40,2 159,42,460,58,2 149,56,426,69,2 158,72,417,90,2 142,88,408,102,2 
./Labeling/input/X00008_Inuk96.jpg 166,26,456,44,2 168,42,458,57,2 172,58,475,74,2 162,74,443,88,2 
./Labeling/input/X00009_Inuk162.jpg 167,29,454,45,2 163,45,439,59,2 160,59,431,75,2 168,74,456,89,2 125,90,330,107,2 170,107,402,123,2 162,121,441,135,2 55,137,121,153,2 
./Labeling/input/X00010_Inuk82.jpg 177,44,288,74,2 
./Labeling/input/X00011_Inuk83.jpg 184,27,473,44,2 163,42,460,58,2 163,59,458,75,2 147,74,416,87,2 160,176,316,189,2 
./Labeling/input/X00012_Inuk163.jpg 173,28,424,43,2 158,45,439,59,2 173,59,485,72,2 56,75,132,91,2 
./Labeling/input/X00013_Inuk97.jpg 156,26,441,45,2 153,43,429,58,2 153,59,429,75,2 154,74,434,88,2 156,89,441,103,2 100,104,271,121,2 
./Labeling/input/X00014_Inuk68.jpg 181,75,366,102,2 
./Labeling/input/X00015_Inuk40.jpg 181,43,335,67,2 183,68,311,91,2 
./Labeling/input/X00016_Inuk54.jpg 113,28,271,42,2 104,42,239,57,2 129,57,316,71,2 88,73,192,89,2 128,88,310,103,2 155,104,393,119,2 140,120,352,135,2 119,135,288,151,2 
./Labeling/input/X00017_Latin121.jpg 167,231,334,242,0 133,241,231,251,0 181,259,376,270,0 179,279,366,290,0 191,299,404,309,0 
./Labeling/input/X00018_Latin65.jpg 175,147,375,162,0 175,167,334,181,0 175,184,327,199,0 178,202,388,217,0 
./Labeling/input/X00019_Latin71.jpg 240,105,349,114,0 249,119,376,132,0 250,144,381,157,0 252,160,387,170,0 247,175,371,188,0 237,199,342,213,0 243,215,360,225,0 
./Labeling/input/X00024_Latin67.jpg 234,124,332,137,0 237,141,344,154,0 233,158,329,171,0 250,176,381,188,0 250,192,380,203,0 261,210,415,224,0 204,226,245,239,0 
./Labeling/input/X00026_Latin73.jpg 175,139,394,158,0 175,157,286,175,0 175,175,322,189,0 175,192,419,208,0 175,210,317,225,0 
./Labeling/input/X00027_Inuk42.jpg 178,27,436,42,2 159,41,440,54,2 153,58,415,72,2 
./Labeling/input/X00028_Inuk56.jpg 180,62,367,85,2 
./Labeling/input/X00029_Inuk81.jpg 159,27,448,44,2 119,43,326,56,2 157,57,388,72,2 46,74,106,88,2 144,90,353,106,2 
./Labeling/input/X00030_Inuk95.jpg 146,27,354,42,2 170,44,481,60,2 161,59,454,75,2 
./Labeling/input/X00031_Inuk161.jpg 153,29,365,45,2 142,45,390,60,2 133,59,365,74,2 159,75,443,90,2 162,91,450,106,2 144,106,396,121,2 151,122,420,135,2 165,137,461,152,2 
./Labeling/input/X00032_Inuk149.jpg 177,45,323,71,2 
./Labeling/input/X00033_Inuk148.jpg 158,29,439,46,2 150,45,415,60,2 184,60,454,75,2 159,75,442,90,2 164,90,454,105,2 33,106,66,121,2 
./Labeling/input/X00034_Inuk160.jpg 177,44,302,67,2 177,69,351,92,2 
./Labeling/input/X00035_Inuk94.jpg 178,42,336,68,2 178,68,360,89,2 
./Labeling/input/X00036_Inuk80.jpg 172,26,475,40,2 167,41,460,58,2 159,58,436,74,2 172,73,473,88,2 166,88,455,103,2 170,103,467,118,2 174,120,479,137,2 
./Labeling/input/X00037_Inuk57.jpg 137,27,352,45,2 180,42,481,56,2 165,57,473,71,2 169,72,486,87,2 152,88,435,102,2 127,104,332,120,2 122,119,318,134,2 87,135,214,153,2 252,235,333,250,2 
./Labeling/input/X00038_Inuk43.jpg 150,27,431,42,2 162,43,465,59,2 63,58,169,75,2 
./Labeling/input/X00039_Latin72.jpg 174,130,367,147,0 174,149,269,165,0 175,167,245,181,0 175,183,388,197,0 175,200,452,216,0 176,219,431,236,0 
./Labeling/input/X00040_Latin66.jpg 79,132,217,147,0 79,149,217,162,0 56,167,148,179,0 82,200,228,213,0 68,217,185,231,0 
./Labeling/input/X00041_Latin122.jpg 154,231,324,246,0 153,249,319,262,0 91,260,134,271,0 167,279,364,293,0 172,307,376,322,0 
./Labeling/input/X00045_Latin126.jpg 152,103,331,116,0 105,115,190,126,0 
./Labeling/input/X00048_Inuk47.jpg 172,63,350,84,2 173,87,270,113,2 
./Labeling/input/X00049_Inuk53.jpg 169,63,406,88,2 161,105,425,121,2 154,121,443,138,2 28,138,67,154,2 95,214,178,229,2 
./Labeling/input/X00050_Inuk158.jpg 181,29,436,47,2 71,45,168,60,2 125,61,267,76,2 169,76,400,92,2 119,91,250,103,2 149,106,336,118,2 160,121,369,136,2 176,138,483,153,2 157,153,429,168,2 165,168,448,184,2 
./Labeling/input/X00051_Inuk84.jpg 168,28,463,42,2 164,42,451,55,2 157,58,429,73,2 155,73,421,86,2 73,90,176,106,2 
./Labeling/input/X00052_Inuk8.jpg 172,27,432,42,2 163,43,468,57,2 153,57,435,73,2 34,74,83,89,2 
./Labeling/input/X00053_Inuk90.jpg 178,41,227,66,2 178,67,355,93,2 
./Labeling/input/X00054_Inuk9.jpg 155,26,424,45,2 162,43,443,57,2 168,58,465,73,2 133,73,359,88,2 119,189,254,205,2 
./Labeling/input/X00055_Inuk91.jpg 176,27,448,42,2 155,43,437,57,2 149,58,417,73,2 171,74,481,88,2 154,89,429,103,2 152,103,425,120,2 158,121,439,136,2 
./Labeling/input/X00056_Inuk85.jpg 167,26,471,43,2 167,43,467,59,2 57,58,141,73,2 
./Labeling/input/X00057_Inuk159.jpg 171,28,416,43,2 144,44,397,57,2 169,60,470,75,2 162,75,451,87,2 148,90,409,107,2 162,107,451,120,2 176,137,430,150,2 120,152,327,167,2 
./Labeling/input/X00058_Inuk52.jpg 143,25,390,42,2 159,42,436,57,2 56,58,129,72,2 
./Labeling/input/X00059_Inuk46.jpg 150,27,408,43,2 176,41,490,54,2 170,58,471,73,2 78,73,195,88,2 169,89,426,101,2 144,103,390,118,2 119,119,278,133,2 
./Labeling/input/X00060_Latin77.jpg 159,230,337,243,0 167,250,359,265,0 161,269,342,281,0 152,288,317,300,0 
./Labeling/input/X00061_Latin127.jpg 131,229,227,240,0 151,239,286,251,0 145,258,269,270,0 154,269,295,280,0 175,286,357,299,0 173,298,352,308,0 
./Labeling/input/X00062_Latin63.jpg 261,120,413,131,0 259,135,408,146,0 258,149,405,160,0 245,165,365,177,0 244,189,362,200,0 235,205,335,217,0 
./Labeling/input/X00063_Latin88.jpg 186,231,393,243,0 110,242,165,254,0 182,260,383,271,0 119,274,192,284,0 
./Labeling/input/X00064_Latin75.jpg 174,148,341,163,0 175,166,356,181,0 175,183,410,197,0 175,201,327,216,0 
./Labeling/input/X00066_Latin125.jpg 77,248,196,262,0 59,260,138,271,0 
./Labeling/input/X00068_Latin119.jpg 174,231,359,244,0 186,251,390,264,0 178,270,367,285,0 178,289,369,304,0 134,308,235,322,0 
./Labeling/input/X00069_Inuk78.jpg 180,26,448,43,2 184,43,459,59,2 78,58,193,72,2 87,204,192,219,2 
./Labeling/input/X00070_Inuk50.jpg 183,75,407,101,2 
./Labeling/input/X00071_Inuk44.jpg 155,27,384,43,2 153,43,418,57,2 181,58,501,69,2 84,74,209,87,2 146,90,359,104,2 180,106,501,120,2 157,120,391,135,2 58,136,134,154,2 
./Labeling/input/X00072_Inuk93.jpg 158,27,442,43,2 144,43,402,57,2 162,58,455,72,2 158,72,442,87,2 167,88,468,103,2 169,105,476,119,2 162,119,455,134,2 163,135,457,151,2 118,151,325,166,2 
./Labeling/input/X00073_Inuk87.jpg 179,25,457,42,2 171,41,481,55,2 160,57,448,71,2 162,73,456,88,2 158,89,442,101,2 169,104,475,119,2 64,119,160,136,2 
./Labeling/input/X00074_Inuk86.jpg 178,45,353,64,2 130,152,349,168,2 
./Labeling/input/X00075_Inuk92.jpg 173,28,478,42,2 57,42,129,57,2 176,59,436,71,2 168,74,461,86,2 174,89,481,104,2 163,104,446,121,2 52,120,114,135,2 
./Labeling/input/X00076_Inuk45.jpg 91,27,218,43,2 166,41,440,54,2 160,57,459,72,2 53,73,137,88,2 162,89,426,102,2 155,104,444,120,2 131,119,371,134,2 157,135,414,149,2 151,151,431,167,2 163,166,472,181,2 66,182,180,197,2 
./Labeling/input/X00077_Inuk51.jpg 144,28,379,41,2 157,42,452,55,2 144,57,413,72,2 231,151,409,165,2 
./Labeling/input/X00078_Inuk79.jpg 179,26,456,41,2 139,42,386,54,2 145,57,402,70,2 146,74,407,90,2 
./Labeling/input/X00079_Latin118.jpg 78,248,195,259,0 59,262,138,276,0 
./Labeling/input/X00082_Latin124.jpg 104,247,274,260,0 63,260,149,270,0 85,273,216,285,0 
./Labeling/input/X00083_Latin74.jpg 175,122,394,135,0 175,139,380,152,0 174,157,328,170,0 175,175,351,188,0 174,191,439,206,0 174,210,325,224,0 175,228,426,240,0 
./Labeling/input/X00084_Latin13.jpg 87,123,243,138,0 81,141,227,156,0 36,158,92,169,0 62,191,171,206,0 79,226,220,242,0 
./Labeling/input/X00085_Inuk36.jpg 181,66,292,91,2 
./Labeling/input/X00086_Inuk22.jpg 176,27,487,42,2 150,43,412,53,2 166,57,460,72,2 167,74,421,88,2 166,90,463,106,2 176,104,487,119,2 161,119,441,136,2 42,136,86,152,2 
./Labeling/input/X00087_Inuk101.jpg 183,81,256,119,2 182,118,339,151,2 
./Labeling/input/X00088_Inuk115.jpg 173,26,476,44,2 112,42,301,57,2 165,58,400,73,2 156,75,437,89,2 75,89,186,105,2 
./Labeling/input/X00089_Inuk129.jpg 129,27,291,43,2 172,43,420,58,2 55,58,123,73,2 182,73,452,88,2 178,89,494,104,2 131,104,357,120,2 176,119,430,133,2 108,136,289,151,2 
./Labeling/input/X00090_Inuk128.jpg 169,26,420,45,2 164,42,462,54,2 153,58,428,72,2 90,74,239,89,2 177,89,445,103,2 164,105,463,119,2 171,120,481,133,2 70,136,177,154,2 
./Labeling/input/X00091_Inuk114.jpg 178,25,450,42,2 173,41,489,58,2 148,57,419,72,2 161,73,460,89,2 137,89,386,105,2 173,104,489,120,2 161,119,452,134,2 
./Labeling/input/X00092_Inuk100.jpg 173,27,438,40,2 145,42,402,57,2 96,58,259,73,2 173,73,437,90,2 159,89,445,104,2 83,105,217,119,2 
./Labeling/input/X00093_Inuk23.jpg 174,27,464,43,2 159,41,455,56,2 63,57,174,72,2 176,73,469,88,2 166,90,479,106,2 142,105,410,120,2 117,119,294,136,2 177,135,470,152,2 133,151,380,166,2 59,260,162,279,2 32,276,80,288,2 52,291,137,302,2 
./Labeling/input/X00094_Inuk37.jpg 155,27,384,42,2 170,42,491,57,2 157,58,454,74,2 155,73,446,88,2 170,89,489,100,2 168,104,483,120,2 
./Labeling/input/X00095_Latin12.jpg 255,125,359,140,0 
./Labeling/input/X00096_Latin38.jpg 219,152,272,170,0 
./Labeling/input/X00098_Inuk21.jpg 178,26,478,39,2 148,41,426,56,2 150,57,431,74,2 165,73,475,86,2 161,89,466,105,2 130,105,371,119,2 150,120,434,133,2 126,136,362,148,2 77,309,196,326,2 
./Labeling/input/X00099_Inuk35.jpg 171,72,264,94,2 157,107,453,124,2 146,124,423,142,2 159,139,458,151,2 145,154,416,169,2 162,170,469,185,2 45,186,117,201,2 128,213,364,227,2 169,240,487,255,2 162,255,465,268,2 164,271,473,285,2 166,287,478,300,2 157,302,451,316,2 130,318,368,332,2 
./Labeling/input/X00100_Inuk116.jpg 165,25,410,43,2 151,41,421,58,2 148,57,415,72,2 168,74,474,90,2 167,88,468,103,2 99,103,266,120,2 160,119,397,134,2 168,135,477,152,2 147,152,415,166,2 
./Labeling/input/X00101_Inuk102.jpg 171,74,281,94,2 143,107,396,124,2 153,124,438,140,2 163,139,470,152,2 166,154,480,173,2 171,181,478,196,2 157,197,454,214,2 71,213,200,230,2 163,241,455,257,2 153,256,439,271,2 36,271,91,285,2 152,299,421,313,2 155,314,445,328,2 
./Labeling/input/X00102_Inuk103.jpg 183,84,423,109,2 182,110,304,136,2 
./Labeling/input/X00103_Inuk117.jpg 178,51,334,80,2 180,77,282,99,2 
./Labeling/input/X00104_Inuk34.jpg 180,80,354,118,2 180,117,379,152,2 
./Labeling/input/X00105_Inuk20.jpg 182,42,309,66,2 181,65,289,90,2 
./Labeling/input/X00106_Latin11.jpg 84,183,221,197,0 
./Labeling/input/X00107_Latin39.jpg 55,160,138,172,0 80,181,209,192,0 61,192,151,203,0 
./Labeling/input/X00108_Latin15.jpg 75,115,208,129,0 76,132,209,143,0 43,150,109,162,0 85,184,238,199,0 56,201,151,219,0 87,234,245,247,0 
./Labeling/input/X00109_Latin29.jpg 55,113,136,125,0 52,127,127,141,0 280,228,391,243,0 267,243,402,257,0 
./Labeling/input/X00110_Inuk18.jpg 175,27,446,44,2 156,42,428,57,2 92,58,238,75,2 173,73,441,88,2 179,88,496,105,2 172,105,476,121,2 42,121,84,137,2 
./Labeling/input/X00111_Inuk24.jpg 183,42,387,67,2 
./Labeling/input/X00112_Inuk30.jpg 172,42,393,69,2 
./Labeling/input/X00113_Inuk113.jpg 179,42,227,68,2 177,66,357,90,2 
./Labeling/input/X00114_Inuk107.jpg 181,69,248,102,2 181,104,329,141,2 
./Labeling/input/X00115_Inuk106.jpg 168,26,446,40,2 159,43,458,59,2 67,58,181,72,2 175,74,467,89,2 160,90,461,106,2 144,104,413,118,2 119,121,340,135,2 
./Labeling/input/X00116_Inuk112.jpg 157,27,442,43,2 159,43,444,58,2 78,58,202,73,2 176,74,440,88,2 141,89,392,106,2 74,105,193,121,2 
./Labeling/input/X00117_Inuk31.jpg 172,27,438,45,2 157,43,428,58,2 174,58,481,74,2 178,74,494,90,2 93,89,244,104,2 
./Labeling/input/X00118_Inuk25.jpg 164,26,435,45,2 143,42,407,54,2 133,58,384,76,2 156,74,451,91,2 118,89,342,104,2 
./Labeling/input/X00119_Inuk19.jpg 167,27,445,44,2 158,43,454,59,2 151,58,438,73,2 42,74,108,93,2 155,90,406,104,2 
./Labeling/input/X00120_Latin28.jpg 86,243,167,259,0 262,242,317,259,0 
./Labeling/input/X00121_Latin14.jpg 255,123,397,138,0 257,142,402,158,0 246,159,369,176,0 248,191,375,208,0 262,225,415,240,0 
./Labeling/input/X00122_Latin16.jpg 252,133,388,149,0 262,149,419,162,0 263,168,419,184,0 238,183,343,200,0 251,215,386,232,0 
./Labeling/input/X00123_Inuk33.jpg 172,25,435,42,2 158,42,434,57,2 158,58,393,72,2 168,73,467,90,2 
./Labeling/input/X00124_Inuk27.jpg 183,42,301,69,2 181,68,274,94,2 
./Labeling/input/X00125_Inuk138.jpg 171,53,250,73,2 160,84,443,99,2 171,101,476,118,2 164,117,459,129,2 166,133,469,149,2 53,149,127,163,2 
./Labeling/input/X00126_Inuk104.jpg 170,26,452,43,2 72,42,200,57,2 176,57,477,72,2 159,72,460,87,2 161,89,464,105,2 57,104,155,120,2 
./Labeling/input/X00127_Inuk110.jpg 179,26,459,44,2 162,42,456,60,2 157,58,444,75,2 40,74,91,89,2 173,89,436,103,2 79,104,210,121,2 176,120,446,135,2 45,136,103,152,2 
./Labeling/input/X00128_Inuk111.jpg 180,27,446,44,2 177,42,489,57,2 158,58,432,75,2 177,72,491,87,2 
./Labeling/input/X00129_Inuk105.jpg 187,28,486,44,2 175,42,490,57,2 161,58,409,73,2 154,76,421,96,2 
./Labeling/input/X00130_Inuk139.jpg 178,45,405,70,2 177,70,308,94,2 
./Labeling/input/X00131_Inuk26.jpg 155,27,407,44,2 160,42,462,57,2 150,58,436,74,2 52,75,141,91,2 134,89,345,104,2 168,104,447,119,2 
./Labeling/input/X00132_Inuk32.jpg 178,26,477,41,2 169,43,488,57,2 164,58,471,74,2 112,74,318,88,2 
./Labeling/input/X00133_Latin17.jpg 82,107,229,121,0 69,125,190,139,0 84,141,233,154,0 78,157,217,170,0 57,175,156,188,0 84,192,232,203,0 36,210,90,224,0 85,244,237,258,0 
./Labeling/input/X00134_Latin32.jpg 281,129,332,142,0 294,142,371,153,0 284,158,340,172,0 
./Labeling/input/X00135_Latin26.jpg 86,108,243,122,0 49,127,134,143,0 68,145,189,159,0 29,165,70,179,0 83,185,233,202,0 84,204,234,217,0 86,223,238,239,0 41,242,106,257,0 
./Labeling/input/X00144_Latin27.jpg 86,228,175,243,0 87,242,170,254,0 
./Labeling/input/X00145_Latin33.jpg 261,115,415,129,0 203,130,240,144,0 256,155,399,167,0 254,170,391,180,0 244,195,360,208,0 
./Labeling/input/X00146_Latin19.jpg 82,133,231,149,0 83,150,236,164,0 47,166,124,179,0 82,199,231,214,0 59,217,159,233,0 
./Labeling/input/X00147_Latin25.jpg 254,108,397,123,0 225,126,305,141,0 264,142,421,158,0 228,160,317,173,0 248,177,375,194,0 234,193,339,205,0 242,210,355,224,0 247,228,372,242,0 232,244,328,258,0 
./Labeling/input/X00148_Latin31.jpg 72,171,186,186,0 80,184,209,196,0 
./Labeling/input/X00157_Latin30.jpg 84,203,223,216,0 83,215,217,228,0 43,242,98,257,0 
./Labeling/input/X00158_Latin24.jpg 80,107,224,123,0 77,124,218,141,0 57,141,157,156,0 80,175,223,190,0 73,193,203,205,0 48,209,124,220,0 73,243,201,257,0 
./Labeling/input/X00159_Latin18.jpg 248,115,374,130,0 259,133,409,143,0 256,149,398,161,0 217,167,282,181,0 258,202,405,216,0 250,218,380,231,0 200,234,231,247,0 
./Labeling/input/X00160_Latin20.jpg 258,133,405,148,0 262,150,415,164,0 249,183,377,199,0 259,200,406,213,0 206,217,249,230,0 
./Labeling/input/X00161_Latin34.jpg 78,166,202,178,0 85,177,224,187,0 26,188,49,199,0 
./Labeling/input/X00170_Latin35.jpg 78,115,216,126,0 64,131,176,144,0 40,146,103,157,0 72,170,198,182,0 69,186,192,199,0 68,200,185,213,0 
./Labeling/input/X00171_Latin21.jpg 79,114,220,130,0 74,133,203,148,0 79,166,220,181,0 87,184,245,195,0 57,200,154,213,0 43,234,112,249,0 
./Labeling/input/X00172_Latin37.jpg 84,170,220,181,0 41,182,93,193,0 
./Labeling/input/X00173_Latin23.jpg 260,107,411,120,0 259,125,405,140,0 261,142,413,156,0 236,159,338,174,0 251,191,384,204,0 257,209,401,221,0 252,243,387,256,0 
./Labeling/input/X00182_Latin22.jpg 78,123,217,138,0 42,141,110,156,0 81,158,225,171,0 40,175,102,187,0 80,192,223,203,0 59,209,159,222,0 72,226,197,239,0 
./Labeling/input/X00183_Latin36.jpg 263,156,407,170,0 257,177,390,187,0 255,187,384,197,0 230,197,309,208,0 
./Labeling/input/X00184_Latin2.jpg 81,130,213,142,0 54,142,132,155,0 
./Labeling/input/X00187_Latin129.jpg 189,166,339,176,0 189,178,254,190,0 188,190,311,203,0 189,203,291,214,0 
./Labeling/input/X00188_Latin79.jpg 87,113,177,128,0 87,127,145,139,0 
./Labeling/input/X00189_Latin51.jpg 138,130,180,147,0 
./Labeling/input/X00192_Latin45.jpg 57,162,139,173,0 70,181,177,191,0 50,192,118,203,0 
./Labeling/input/X00206_Latin44.jpg 175,150,376,177,0 
./Labeling/input/X00209_Latin78.jpg 77,110,215,119,0 35,125,88,137,0 82,150,226,161,0 45,165,116,176,0 69,190,187,203,0 
./Labeling/input/X00211_Latin87.jpg 99,247,261,261,0 64,259,152,272,0 44,273,93,288,0 
./Labeling/input/X00214_Latin1.jpg 83,113,216,127,0 53,125,126,136,0 73,144,187,154,0 
./Labeling/input/X00215_Latin85.jpg 127,149,206,163,0 119,163,184,175,0 126,178,200,194,0 126,194,211,209,0 245,111,368,126,0 255,127,397,144,0 234,144,334,158,0 253,168,392,182,0 247,182,374,198,0 220,198,295,214,0 226,223,309,240,0 212,238,267,252,0 
./Labeling/input/X00217_Latin46.jpg 86,167,227,183,0 80,188,206,205,0 
./Labeling/input/X00218_Latin102.jpg 98,248,253,261,0 68,260,162,273,0 62,272,144,286,0 
./Labeling/input/X00219_Latin116.jpg 135,248,365,262,0 64,260,155,271,0 81,274,202,290,0 
./Labeling/input/X00220_Latin52.jpg 263,175,366,188,0 
./Labeling/input/X00221_Inuk63.jpg 149,25,395,39,2 158,41,418,54,2 137,58,393,72,2 165,74,482,87,2 157,89,454,100,2 160,104,463,116,2 173,134,462,149,2 157,150,451,164,2 74,166,208,178,2 
./Labeling/input/X00222_Inuk77.jpg 174,27,444,43,2 163,42,456,55,2 175,57,443,71,2 179,73,456,85,2 160,88,451,103,2 103,104,281,117,2 
./Labeling/input/X00223_Inuk154.jpg 192,29,470,47,2 105,44,270,57,2 189,59,460,75,2 90,74,223,89,2 168,90,399,103,2 150,106,406,121,2 86,122,210,133,2 
./Labeling/input/X00224_Inuk140.jpg 187,27,465,42,2 170,45,474,57,2 160,59,445,73,2 150,75,417,89,2 90,90,235,103,2 
./Labeling/input/X00225_Inuk4.jpg 195,27,487,42,2 173,42,479,55,2 178,57,495,73,2 180,73,501,87,2 
./Labeling/input/X00226_Inuk88.jpg 162,27,446,40,2 156,42,427,58,2 150,56,409,72,2 160,72,438,85,2 115,88,304,102,2 122,236,248,250,2 
./Labeling/input/X00227_Inuk89.jpg 161,27,456,43,2 171,42,483,57,2 117,57,322,72,2 
./Labeling/input/X00228_Inuk5.jpg 186,26,459,41,2 175,42,483,58,2 51,57,110,71,2 174,73,421,89,2 153,88,424,104,2 180,103,502,118,2 183,119,507,134,2 162,134,446,149,2 179,150,497,166,2 90,165,235,182,2 224,335,316,348,2 
./Labeling/input/X00229_Inuk141.jpg 170,28,404,42,2 174,44,477,60,2 172,60,472,75,2 176,74,484,89,2 165,90,451,107,2 156,106,427,121,2 114,121,301,138,2 194,137,477,152,2 
./Labeling/input/X00230_Inuk155.jpg 157,27,382,44,2 161,43,451,60,2 167,59,471,73,2 155,74,434,90,2 143,90,397,107,2 155,106,435,121,2 113,122,308,138,2 
./Labeling/input/X00231_Inuk76.jpg 178,75,371,99,2 
./Labeling/input/X00232_Inuk62.jpg 180,59,399,86,2 
./Labeling/input/X00233_Latin117.jpg 175,231,373,243,0 96,242,137,253,0 127,260,230,271,0 139,273,267,287,0 
./Labeling/input/X00234_Latin53.jpg 87,115,244,132,0 73,133,203,149,0 85,156,237,168,0 83,170,229,182,0 80,185,221,196,0 53,200,141,214,0 
./Labeling/input/X00235_Latin47.jpg 77,177,203,190,0 
./Labeling/input/X00236_Latin103.jpg 171,232,372,243,0 102,244,163,256,0 178,262,391,273,0 175,272,382,281,0 99,282,154,292,0 175,300,380,313,0 
./Labeling/input/X00237_Latin90.jpg 173,230,378,243,0 176,241,384,251,0 95,250,141,261,0 174,268,379,279,0 163,279,347,289,0 173,296,376,309,0 86,308,115,319,0 
./Labeling/input/X00238_Latin84.jpg 157,227,335,240,0 169,246,372,257,0 81,256,109,265,0 178,274,400,288,0 89,286,131,298,0 172,303,382,315,0 98,315,156,328,0 
./Labeling/input/X00239_Latin80.jpg 87,243,160,257,0 263,243,339,258,0 
./Labeling/input/X00240_Latin94.jpg 166,230,354,242,0 102,241,162,251,0 170,259,367,271,0 
./Labeling/input/X00241_Latin4.jpg 86,183,211,195,0 87,195,184,208,0 
./Labeling/input/X00242_Latin107.jpg 78,247,197,260,0 59,261,138,274,0 
./Labeling/input/X00244_Latin57.jpg 178,96,434,131,0 
./Labeling/input/X00245_Latin113.jpg 135,230,229,242,0 161,249,314,262,0 
./Labeling/input/X00246_Inuk66.jpg 181,82,349,117,2 
./Labeling/input/X00247_Inuk72.jpg 157,26,392,42,2 170,41,474,58,2 88,58,226,74,2 179,73,465,87,2 89,88,233,103,2 159,103,401,118,2 59,119,140,136,2 
./Labeling/input/X00248_Inuk99.jpg 163,26,409,42,2 163,42,462,60,2 152,57,425,70,2 157,73,442,89,2 164,89,464,103,2 153,104,436,120,2 52,120,133,135,2 166,135,420,149,2 165,150,464,166,2 95,166,262,184,2 
./Labeling/input/X00249_Inuk1.jpg 155,25,431,42,2 139,41,382,58,2 64,58,157,75,2 
./Labeling/input/X00250_Inuk151.jpg 165,27,453,43,2 176,45,487,63,2 166,60,456,73,2 162,75,443,91,2 62,90,143,105,2 
./Labeling/input/X00251_Inuk145.jpg 178,27,430,40,2 159,44,434,62,2 172,60,476,75,2 170,76,468,91,2 151,91,415,106,2 100,107,261,123,2 
./Labeling/input/X00252_Inuk144.jpg 181,27,454,43,2 171,44,476,60,2 159,59,443,75,2 150,75,418,92,2 78,91,204,106,2 
./Labeling/input/X00253_Inuk150.jpg 186,27,475,45,2 168,43,474,59,2 152,59,426,75,2 139,74,381,89,2 172,89,421,104,2 168,105,473,120,2 
./Labeling/input/X00254_Inuk98.jpg 177,42,290,61,2 176,65,341,88,2 
./Labeling/input/X00255_Inuk73.jpg 157,42,454,54,2 132,57,377,73,2 159,72,460,89,2 150,88,433,102,2 32,102,80,119,2 77,215,216,229,2 58,230,161,245,2 
./Labeling/input/X00256_Inuk67.jpg 170,59,271,86,2 143,96,412,113,2 164,112,478,125,2 139,129,399,149,2 159,146,464,160,2 96,161,272,176,2 165,188,478,199,2 133,202,378,219,2 165,230,479,244,2 170,244,490,256,2 149,271,429,287,2 160,287,465,301,2 163,303,472,318,2 155,319,445,334,2 164,333,475,348,2 
./Labeling/input/X00257_Latin56.jpg 175,169,407,198,0 171,206,317,239,0 
./Labeling/input/X00260_Latin42.jpg 256,120,400,133,0 257,135,406,146,0 242,150,357,159,0 
./Labeling/input/X00261_Latin5.jpg 70,113,184,125,0 67,124,173,135,0 54,136,132,147,0 245,112,357,125,0 217,145,281,160,0 214,162,265,177,0 
./Labeling/input/X00262_Latin95.jpg 77,247,196,261,0 61,260,141,272,0 
./Labeling/input/X00263_Latin81.jpg 174,147,353,161,0 175,165,313,180,0 176,184,279,199,0 175,200,323,215,0 
./Labeling/input/X00264_Latin97.jpg 133,247,364,260,0 66,260,160,271,0 81,272,205,285,0 
./Labeling/input/X00265_Latin83.jpg 175,147,310,159,0 174,167,249,179,0 173,182,296,195,0 173,199,378,214,0 173,218,362,234,0 
./Labeling/input/X00267_Latin110.jpg 165,235,360,247,0 148,246,307,257,0 163,264,353,276,0 174,282,385,295,0 177,301,395,316,0 
./Labeling/input/X00269_Latin40.jpg 54,155,137,170,0 69,176,179,187,0 82,186,215,196,0 37,196,79,207,0 
./Labeling/input/X00270_Latin104.jpg 184,230,383,242,0 188,249,393,261,0 112,259,164,268,0 191,278,403,290,0 185,298,385,310,0 132,311,227,325,0 
./Labeling/input/X00271_Latin68.jpg 249,142,381,158,0 246,175,380,188,0 255,208,396,221,0 
./Labeling/input/X00272_Inuk59.jpg 172,71,352,96,2 170,97,239,123,2 
./Labeling/input/X00273_Inuk71.jpg 170,50,338,71,2 171,73,327,96,2 
./Labeling/input/X00274_Inuk65.jpg 158,27,458,44,2 75,43,210,58,2 160,58,425,69,2 47,72,122,87,2 155,89,411,103,2 170,103,493,119,2 164,119,479,136,2 157,136,457,152,2 157,151,457,165,2 122,166,348,182,2 
./Labeling/input/X00275_Inuk2.jpg 153,27,380,43,2 171,42,490,57,2 112,58,318,70,2 177,73,448,85,2 137,87,395,103,2 
./Labeling/input/X00276_Inuk146.jpg 171,44,374,68,2 171,70,333,94,2 187,125,470,141,2 171,141,482,156,2 170,157,479,174,2 
./Labeling/input/X00277_Inuk152.jpg 178,43,360,66,2 175,70,362,93,2 
./Labeling/input/X00278_Inuk153.jpg 182,29,453,43,2 166,43,469,58,2 172,59,485,73,2 169,74,480,90,2 167,90,468,108,2 158,106,437,120,2 110,120,296,135,2 
./Labeling/input/X00279_Inuk147.jpg 162,27,445,42,2 178,43,491,60,2 168,59,462,73,2 159,73,433,88,2 55,90,121,101,2 188,106,458,119,2 178,122,489,135,2 
./Labeling/input/X00280_Inuk3.jpg 181,43,363,67,2 184,67,244,90,2 197,186,283,198,2 
./Labeling/input/X00281_Inuk64.jpg 161,24,409,41,2 168,40,462,57,2 153,56,419,72,2 89,72,230,89,2 184,87,475,101,2 178,103,496,118,2 163,118,452,132,2 177,135,492,149,2 83,150,214,165,2 122,205,263,217,2 
./Labeling/input/X00282_Inuk70.jpg 177,26,497,41,2 165,42,457,54,2 159,58,443,74,2 171,72,478,87,2 71,90,177,106,2 185,255,288,267,2 192,270,309,286,2 
./Labeling/input/X00283_Inuk58.jpg 108,26,256,40,2 100,42,228,57,2 153,56,390,71,2 129,72,316,88,2 183,89,474,102,2 57,105,84,117,2 172,117,439,132,2 146,134,399,145,2 165,150,458,164,2 74,165,181,179,2 
./Labeling/input/X00284_Latin69.jpg 176,61,423,81,0 174,121,393,148,0 
./Labeling/input/X00285_Latin41.jpg 76,139,203,151,0 32,150,67,159,0 59,169,149,182,0 39,191,86,202,0 66,211,171,222,0 
./Labeling/input/X00287_Latin111.jpg 186,231,396,246,0 188,250,398,263,0 113,263,172,273,0 
./Labeling/input/X00290_Latin82.jpg 175,140,250,156,0 175,157,250,170,0 175,174,320,189,0 174,192,417,208,0 175,208,354,225,0 
./Labeling/input/X00291_Latin96.jpg 166,230,356,243,0 87,242,117,250,0 173,259,380,270,0 178,269,394,278,0 87,279,120,290,0 172,297,379,308,0 85,310,116,322,0 
