2 0.4943181818181818 0.07670454545454546 0.8238636363636364 0.045454545454545456
2 0.45170454545454547 0.11789772727272728 0.8409090909090909 0.04261363636363636
2 0.18039772727272727 0.16335227272727273 0.3153409090909091 0.04261363636363636
2 0.5014204545454546 0.20880681818181818 0.8323863636363636 0.04261363636363636
2 0.47301136363636365 0.2556818181818182 0.8892045454545454 0.045454545454545456
2 0.4034090909090909 0.2997159090909091 0.7613636363636364 0.04261363636363636
2 0.3338068181818182 0.3409090909090909 0.5028409090909091 0.045454545454545456
2 0.5028409090909091 0.3849431818181818 0.8352272727272727 0.048295454545454544
2 0.37926136363636365 0.4303977272727273 0.7017045454545454 0.04261363636363636
2 0.17045454545454544 0.7400568181818182 0.2897727272727273 0.05397727272727273
2 0.09090909090909091 0.7840909090909091 0.13636363636363635 0.03409090909090909
2 0.14914772727272727 0.828125 0.24147727272727273 0.03125
