2 0.515625 0.08238636363636363 0.7244318181818182 0.05113636363636364
2 0.203125 0.1278409090909091 0.2755681818181818 0.045454545454545456
2 0.35511363636363635 0.1747159090909091 0.4034090909090909 0.04261363636363636
2 0.4815340909090909 0.2159090909090909 0.65625 0.045454545454545456
2 0.3409090909090909 0.2585227272727273 0.3693181818181818 0.03409090909090909
2 0.42329545454545453 0.30113636363636365 0.5340909090909091 0.03409090909090909
2 0.45454545454545453 0.34517045454545453 0.5965909090909091 0.04261363636363636
2 0.5014204545454546 0.3934659090909091 0.8721590909090909 0.04261363636363636
2 0.4460227272727273 0.43607954545454547 0.7727272727272727 0.04261363636363636
2 0.47017045454545453 0.4772727272727273 0.8039772727272727 0.045454545454545456
