2 0.48579545454545453 0.21022727272727273 0.3125 0.056818181818181816
2 0.40767045454545453 0.3053977272727273 0.71875 0.048295454545454544
2 0.43607954545454547 0.3522727272727273 0.8096590909090909 0.045454545454545456
2 0.46448863636363635 0.3963068181818182 0.8721590909090909 0.036931818181818184
2 0.4715909090909091 0.43892045454545453 0.8920454545454546 0.05397727272727273
2 0.4872159090909091 0.5142045454545454 0.8721590909090909 0.045454545454545456
2 0.4474431818181818 0.5610795454545454 0.84375 0.048295454545454544
2 0.203125 0.6065340909090909 0.3664772727272727 0.048295454545454544
2 0.4630681818181818 0.6846590909090909 0.8295454545454546 0.045454545454545456
2 0.4346590909090909 0.7286931818181818 0.8125 0.04261363636363636
2 0.10369318181818182 0.7698863636363636 0.15625 0.03977272727272727
2 0.43323863636363635 0.8494318181818182 0.7642045454545454 0.03977272727272727
2 0.4403409090909091 0.8920454545454546 0.8238636363636364 0.03977272727272727
