2 0.45738636363636365 0.06960227272727272 0.7045454545454546 0.048295454545454544
2 0.4772727272727273 0.11505681818181818 0.8352272727272727 0.048295454545454544
2 0.4346590909090909 0.1590909090909091 0.7556818181818182 0.045454545454545456
2 0.25426136363636365 0.2059659090909091 0.4005681818181818 0.048295454545454544
2 0.5241477272727273 0.2471590909090909 0.8267045454545454 0.03977272727272727
2 0.5056818181818182 0.2940340909090909 0.9034090909090909 0.04261363636363636
2 0.46448863636363635 0.3352272727272727 0.8210227272727273 0.03977272727272727
2 0.5028409090909091 0.3835227272727273 0.8977272727272727 0.03977272727272727
2 0.2372159090909091 0.4275568181818182 0.3721590909090909 0.04261363636363636
2 0.34801136363636365 0.5823863636363636 0.4005681818181818 0.03409090909090909
