2 0.484375 0.1690340909090909 0.2869318181818182 0.07670454545454546
2 0.40767045454545453 0.2741477272727273 0.7642045454545454 0.048295454545454544
2 0.4659090909090909 0.3196022727272727 0.8920454545454546 0.036931818181818184
2 0.39488636363636365 0.3664772727272727 0.7386363636363636 0.056818181818181816
2 0.453125 0.4147727272727273 0.8664772727272727 0.03977272727272727
2 0.2727272727272727 0.4588068181818182 0.5 0.04261363636363636
2 0.47017045454545453 0.5340909090909091 0.8892045454545454 0.03409090909090909
2 0.37926136363636365 0.5752840909090909 0.6960227272727273 0.048295454545454544
2 0.46875 0.6534090909090909 0.8920454545454546 0.03977272727272727
2 0.48295454545454547 0.6931818181818182 0.9090909090909091 0.03409090909090909
2 0.42329545454545453 0.7698863636363636 0.7954545454545454 0.045454545454545456
2 0.45454545454545453 0.8153409090909091 0.8693181818181818 0.03977272727272727
2 0.46448863636363635 0.8622159090909091 0.8778409090909091 0.04261363636363636
2 0.4403409090909091 0.9076704545454546 0.8238636363636364 0.04261363636363636
2 0.46732954545454547 0.9474431818181818 0.8835227272727273 0.04261363636363636
