2 0.3068181818181818 0.07386363636363637 0.42045454545454547 0.03977272727272727
2 0.2840909090909091 0.12073863636363637 0.36363636363636365 0.04261363636363636
2 0.43607954545454547 0.16051136363636365 0.6732954545454546 0.04261363636363636
2 0.3678977272727273 0.20454545454545456 0.53125 0.045454545454545456
2 0.5213068181818182 0.25426136363636365 0.8267045454545454 0.036931818181818184
2 0.16335227272727273 0.29829545454545453 0.07670454545454546 0.03409090909090909
2 0.4900568181818182 0.3338068181818182 0.7585227272727273 0.04261363636363636
2 0.4161931818181818 0.3821022727272727 0.71875 0.03125
2 0.47017045454545453 0.42613636363636365 0.8323863636363636 0.03977272727272727
2 0.21164772727272727 0.46875 0.3039772727272727 0.03977272727272727
