2 0.5298295454545454 0.07528409090909091 0.7755681818181818 0.04261363636363636
2 0.4971590909090909 0.11931818181818182 0.875 0.045454545454545456
2 0.14488636363636365 0.16193181818181818 0.17045454545454544 0.03977272727272727
2 0.49573863636363635 0.20738636363636365 0.7017045454545454 0.045454545454545456
2 0.4346590909090909 0.25 0.7727272727272727 0.045454545454545456
2 0.5113636363636364 0.2940340909090909 0.9147727272727273 0.04261363636363636
2 0.5198863636363636 0.33948863636363635 0.9204545454545454 0.04261363636363636
2 0.4602272727272727 0.3821022727272727 0.8068181818181818 0.04261363636363636
2 0.5085227272727273 0.42613636363636365 0.9034090909090909 0.045454545454545456
2 0.2571022727272727 0.47017045454545453 0.4119318181818182 0.048295454545454544
2 0.6363636363636364 0.953125 0.26136363636363635 0.036931818181818184
