2 0.4630681818181818 0.07386363636363637 0.6988636363636364 0.045454545454545456
2 0.46448863636363635 0.11931818181818182 0.8494318181818182 0.05113636363636364
2 0.43323863636363635 0.16335227272727273 0.7755681818181818 0.036931818181818184
2 0.4474431818181818 0.20738636363636365 0.8096590909090909 0.045454545454545456
2 0.4659090909090909 0.2528409090909091 0.8522727272727273 0.03977272727272727
2 0.43607954545454547 0.29545454545454547 0.8039772727272727 0.045454545454545456
2 0.14914772727272727 0.34232954545454547 0.23011363636363635 0.04261363636363636
2 0.4715909090909091 0.3835227272727273 0.7215909090909091 0.03977272727272727
2 0.47017045454545453 0.42613636363636365 0.8494318181818182 0.045454545454545456
2 0.2713068181818182 0.4715909090909091 0.4744318181818182 0.05113636363636364
