2 0.44886363636363635 0.078125 0.8522727272727273 0.048295454545454544
2 0.21306818181818182 0.12357954545454546 0.38636363636363635 0.04261363636363636
2 0.4559659090909091 0.16619318181818182 0.7528409090909091 0.03125
2 0.13494318181818182 0.2059659090909091 0.21306818181818182 0.04261363636363636
2 0.4403409090909091 0.2528409090909091 0.7272727272727273 0.03977272727272727
2 0.484375 0.29261363636363635 0.9176136363636364 0.045454545454545456
2 0.46732954545454547 0.33948863636363635 0.8948863636363636 0.048295454545454544
2 0.4460227272727273 0.38636363636363635 0.8522727272727273 0.045454545454545456
2 0.4460227272727273 0.4289772727272727 0.8522727272727273 0.03977272727272727
2 0.3465909090909091 0.4715909090909091 0.6420454545454546 0.045454545454545456
