2 0.4872159090909091 0.20454545454545456 0.26420454545454547 0.0625
2 0.4460227272727273 0.3053977272727273 0.8409090909090909 0.048295454545454544
2 0.4161931818181818 0.3522727272727273 0.7869318181818182 0.05113636363636364
2 0.453125 0.39488636363636365 0.8494318181818182 0.03409090909090909
2 0.4133522727272727 0.43892045454545453 0.7698863636363636 0.04261363636363636
2 0.4616477272727273 0.484375 0.8721590909090909 0.04261363636363636
2 0.1278409090909091 0.5298295454545454 0.20454545454545456 0.04261363636363636
2 0.36363636363636365 0.6051136363636364 0.6704545454545454 0.03977272727272727
2 0.48011363636363635 0.6832386363636364 0.9034090909090909 0.04261363636363636
2 0.4602272727272727 0.7258522727272727 0.8636363636363636 0.036931818181818184
2 0.46732954545454547 0.7698863636363636 0.8778409090909091 0.03977272727272727
2 0.4715909090909091 0.8167613636363636 0.8863636363636364 0.036931818181818184
2 0.4460227272727273 0.8579545454545454 0.8352272727272727 0.03977272727272727
2 0.3693181818181818 0.9034090909090909 0.6761363636363636 0.03977272727272727
