2 0.2599431818181818 0.07670454545454546 0.36079545454545453 0.045454545454545456
2 0.4715909090909091 0.11789772727272728 0.7784090909090909 0.036931818181818184
2 0.4559659090909091 0.16335227272727273 0.8494318181818182 0.04261363636363636
2 0.15056818181818182 0.20880681818181818 0.23863636363636365 0.04261363636363636
2 0.4602272727272727 0.25426136363636365 0.75 0.036931818181818184
2 0.44176136363636365 0.29545454545454547 0.8210227272727273 0.045454545454545456
2 0.3721590909090909 0.33948863636363635 0.6818181818181818 0.04261363636363636
2 0.4474431818181818 0.3835227272727273 0.7301136363636364 0.03977272727272727
2 0.4289772727272727 0.4289772727272727 0.7954545454545454 0.045454545454545456
2 0.46448863636363635 0.47301136363636365 0.8778409090909091 0.04261363636363636
2 0.1875 0.5184659090909091 0.32386363636363635 0.04261363636363636
