0 0.3622159090909091 0.42329545454545453 0.22443181818181818 0.03977272727272727
0 0.33948863636363635 0.4630681818181818 0.1846590909090909 0.03409090909090909
0 0.35795454545454547 0.5056818181818182 0.21022727272727273 0.045454545454545456
0 0.359375 0.5525568181818182 0.24147727272727273 0.04261363636363636
0 0.6974431818181818 0.31676136363636365 0.3494318181818182 0.04261363636363636
0 0.7244318181818182 0.3622159090909091 0.4034090909090909 0.048295454545454544
0 0.6647727272727273 0.4090909090909091 0.2840909090909091 0.03977272727272727
0 0.7201704545454546 0.4772727272727273 0.39488636363636365 0.03977272727272727
0 0.703125 0.5170454545454546 0.36079545454545453 0.045454545454545456
0 0.6264204545454546 0.5625 0.21306818181818182 0.045454545454545456
0 0.6434659090909091 0.6349431818181818 0.23579545454545456 0.048295454545454544
0 0.6036931818181818 0.6761363636363636 0.15625 0.03977272727272727
