./Labeling/input/X00000_Latin108.jpg 79,224,290,239,0 79,244,288,256,0 81,256,151,266,0
./Labeling/input/X00001_Latin58.jpg 41,27,308,63,0 82,129,268,154,0
./Labeling/input/X00002_Latin70.jpg 16,180,158,190,0 16,190,60,198,0 16,207,141,216,0 16,216,84,225,0
./Labeling/input/X00003_Latin120.jpg 70,226,297,238,0 71,238,205,248,0 70,255,263,265,0 70,266,279,276,0 70,284,266,294,0 70,294,195,304,0
./Labeling/input/X00004_Latin64.jpg 16,142,156,151,0 16,151,102,161,0 16,161,89,172,0 16,180,86,189,0 15,189,84,197,0
./Labeling/input/X00005_Inuk55.jpg 24,20,204,35,2 23,35,127,50,2 22,51,227,65,2 25,66,101,81,2 25,82,272,96,2 25,96,154,112,2 24,114,247,127,2 26,127,163,145,2
./Labeling/input/X00006_Inuk41.jpg 41,19,330,36,2 9,35,310,52,2 9,52,298,65,2 11,66,307,81,2 11,82,327,96,2 10,100,68,112,2
./Labeling/input/X00007_Inuk69.jpg 29,22,322,34,2 9,34,310,50,2 11,50,288,63,2 29,63,288,81,2 9,81,275,95,2
./Labeling/input/X00008_Inuk96.jpg 21,17,311,35,2 23,35,313,50,2 21,50,324,66,2 21,67,303,81,2
./Labeling/input/X00009_Inuk162.jpg 24,21,311,37,2 25,38,301,52,2 25,51,296,67,2 24,67,312,82,2 23,82,228,99,2 54,99,286,115,2 23,114,302,128,2 22,129,88,145,2
./Labeling/input/X00010_Inuk82.jpg 122,29,233,59,2
./Labeling/input/X00011_Inuk83.jpg 41,19,329,36,2 15,34,312,50,2 16,51,311,67,2 13,68,282,81,2 82,170,238,183,2
./Labeling/input/X00012_Inuk163.jpg 48,21,299,36,2 18,38,299,52,2 17,53,329,66,2 18,67,94,83,2
./Labeling/input/X00013_Inuk97.jpg 14,17,299,36,2 15,36,291,51,2 15,52,291,68,2 14,67,294,81,2 14,82,299,96,2 15,96,186,113,2
./Labeling/input/X00014_Inuk68.jpg 88,62,274,89,2
./Labeling/input/X00015_Inuk40.jpg 104,31,258,55,2 119,57,247,80,2
./Labeling/input/X00016_Inuk54.jpg 34,21,192,35,2 37,35,172,50,2 36,50,223,64,2 36,65,140,81,2 37,81,219,96,2 36,97,274,112,2 34,113,246,128,2 36,127,204,143,2
./Labeling/input/X00017_Latin121.jpg 84,226,251,237,0 84,236,182,246,0 84,254,279,265,0 86,274,273,285,0 85,294,298,304,0
./Labeling/input/X00018_Latin65.jpg 75,140,275,155,0 96,160,255,174,0 99,177,251,192,0 73,195,283,210,0
./Labeling/input/X00019_Latin71.jpg 186,100,295,110,0 186,114,313,126,0 185,138,316,151,0 185,155,320,165,0 185,169,309,182,0 185,192,290,206,0 184,210,302,220,0
./Labeling/input/X00024_Latin67.jpg 185,118,283,131,0 184,135,291,148,0 185,152,281,165,0 185,170,316,182,0 185,186,315,198,0 184,203,338,217,0 184,220,225,233,0
./Labeling/input/X00026_Latin73.jpg 66,130,285,149,0 120,148,231,166,0 102,168,249,182,0 53,184,297,200,0 104,203,246,218,0
./Labeling/input/X00027_Inuk42.jpg 49,20,307,35,2 19,35,300,48,2 22,51,284,65,2
./Labeling/input/X00028_Inuk56.jpg 87,51,274,74,2
./Labeling/input/X00029_Inuk81.jpg 15,19,304,36,2 16,37,223,50,2 42,50,273,65,2 16,67,76,81,2 40,82,249,98,2
./Labeling/input/X00030_Inuk95.jpg 42,20,250,35,2 15,36,326,52,2 15,51,308,67,2
./Labeling/input/X00031_Inuk161.jpg 47,21,259,37,2 18,37,266,53,2 17,52,249,67,2 17,68,301,83,2 18,84,306,99,2 18,99,270,114,2 17,116,286,129,2 17,130,313,145,2
./Labeling/input/X00032_Inuk149.jpg 104,32,250,58,2
./Labeling/input/X00033_Inuk148.jpg 18,21,299,38,2 18,38,283,53,2 49,53,319,68,2 18,68,301,83,2 19,83,309,98,2 17,99,50,114,2
./Labeling/input/X00034_Inuk160.jpg 115,33,240,56,2 90,57,264,81,2
./Labeling/input/X00035_Inuk94.jpg 99,29,257,55,2 87,58,269,79,2
./Labeling/input/X00036_Inuk80.jpg 21,19,324,33,2 21,33,314,50,2 21,50,298,66,2 22,66,323,81,2 22,81,311,96,2 22,96,319,111,2 22,112,327,129,2
./Labeling/input/X00037_Inuk57.jpg 30,18,245,36,2 29,35,331,49,2 11,50,319,64,2 11,65,328,80,2 11,81,294,95,2 25,96,230,112,2 24,112,220,127,2 24,126,151,144,2 212,227,293,243,2
./Labeling/input/X00038_Inuk43.jpg 10,20,291,35,2 11,35,314,51,2 10,50,116,67,2
./Labeling/input/X00039_Latin72.jpg 78,122,271,139,0 127,141,222,157,0 140,160,210,174,0 68,176,282,190,0 37,192,314,208,0 49,211,304,228,0
./Labeling/input/X00040_Latin66.jpg 10,125,148,140,0 10,143,148,156,0 10,161,102,173,0 9,194,155,207,0 9,210,127,224,0
./Labeling/input/X00041_Latin122.jpg 69,224,239,239,0 70,243,236,256,0 70,255,113,266,0 69,272,266,286,0 70,300,274,315,0
./Labeling/input/X00045_Latin126.jpg 63,97,242,110,0 63,110,148,121,0
./Labeling/input/X00048_Inuk47.jpg 83,53,261,74,2 124,74,222,100,2
./Labeling/input/X00049_Inuk53.jpg 51,51,288,76,2 29,97,293,113,2 9,113,299,130,2 9,130,48,146,2 54,206,137,222,2
./Labeling/input/X00050_Inuk158.jpg 54,20,309,38,2 23,37,120,53,2 54,54,196,69,2 54,68,285,84,2 55,85,185,97,2 55,100,243,112,2 55,114,265,129,2 23,131,330,146,2 21,146,293,161,2 24,160,307,176,2
./Labeling/input/X00051_Inuk84.jpg 21,21,316,35,2 21,36,308,49,2 21,51,293,66,2 22,67,288,80,2 22,82,125,98,2
./Labeling/input/X00052_Inuk8.jpg 42,20,302,35,2 11,36,316,50,2 12,49,294,65,2 10,67,59,82,2
./Labeling/input/X00053_Inuk90.jpg 154,29,203,54,2 90,54,267,80,2
./Labeling/input/X00054_Inuk9.jpg 21,17,290,36,2 21,36,303,50,2 20,51,317,66,2 20,66,246,81,2 53,181,187,197,2
./Labeling/input/X00055_Inuk91.jpg 40,20,312,35,2 14,36,296,50,2 15,51,283,66,2 16,67,326,81,2 17,82,292,96,2 16,95,289,112,2 18,114,299,129,2
./Labeling/input/X00056_Inuk85.jpg 15,18,319,35,2 17,35,317,51,2 15,51,99,66,2
./Labeling/input/X00057_Inuk159.jpg 49,21,294,36,2 18,38,271,51,2 18,53,320,68,2 18,69,307,81,2 18,82,279,99,2 18,101,307,114,2 49,131,303,144,2 17,145,224,160,2
./Labeling/input/X00058_Inuk52.jpg 20,17,267,34,2 21,35,298,50,2 20,51,93,65,2
./Labeling/input/X00059_Inuk46.jpg 21,19,279,35,2 19,35,333,48,2 20,51,321,66,2 19,66,137,81,2 40,83,298,95,2 21,96,267,111,2 41,112,199,126,2
./Labeling/input/X00060_Latin77.jpg 70,224,248,237,0 71,244,263,258,0 71,263,252,275,0 70,282,235,294,0
./Labeling/input/X00061_Latin127.jpg 83,224,179,235,0 84,234,219,246,0 83,252,207,264,0 84,264,225,275,0 84,280,266,293,0 83,293,263,303,0
./Labeling/input/X00062_Latin63.jpg 185,115,337,126,0 185,130,334,141,0 185,144,332,155,0 185,159,305,171,0 185,184,303,195,0 185,199,285,211,0
./Labeling/input/X00063_Latin88.jpg 82,225,290,237,0 83,236,138,248,0 82,255,283,266,0 83,269,156,279,0
./Labeling/input/X00064_Latin75.jpg 91,141,258,156,0 85,159,266,174,0 58,176,293,190,0 99,194,251,209,0
./Labeling/input/X00066_Latin125.jpg 18,241,137,255,0 20,255,99,266,0
./Labeling/input/X00068_Latin119.jpg 82,225,267,238,0 84,245,288,258,0 84,263,273,278,0 83,282,274,297,0 84,301,185,315,0
./Labeling/input/X00069_Inuk78.jpg 46,18,314,35,2 47,35,322,51,2 21,51,136,65,2 35,197,140,212,2
./Labeling/input/X00070_Inuk50.jpg 71,62,295,88,2
./Labeling/input/X00071_Inuk44.jpg 41,19,270,35,2 21,36,286,50,2 21,53,341,64,2 22,68,147,81,2 40,83,253,97,2 20,99,341,113,2 40,113,274,128,2 20,127,96,145,2
./Labeling/input/X00072_Inuk93.jpg 16,19,300,35,2 15,36,273,50,2 16,51,309,65,2 16,65,300,80,2 16,81,318,96,2 16,98,323,112,2 16,112,309,127,2 16,127,310,143,2 15,144,222,159,2
./Labeling/input/X00073_Inuk87.jpg 40,17,318,34,2 16,34,326,48,2 16,50,304,64,2 15,66,309,81,2 16,83,300,95,2 16,97,322,112,2 16,112,112,128,2
./Labeling/input/X00074_Inuk86.jpg 91,36,266,55,2 21,144,240,160,2
./Labeling/input/X00075_Inuk92.jpg 21,21,326,35,2 21,35,93,50,2 46,53,306,65,2 22,68,315,80,2 21,82,328,97,2 21,96,305,113,2 21,113,83,128,2
./Labeling/input/X00076_Inuk45.jpg 28,19,155,35,2 29,35,303,48,2 11,50,310,65,2 11,66,95,81,2 30,83,294,96,2 11,96,300,112,2 11,112,251,127,2 29,128,286,142,2 11,143,291,159,2 9,159,318,174,2 9,175,123,190,2
./Labeling/input/X00077_Inuk51.jpg 27,22,262,35,2 10,36,305,49,2 10,50,279,65,2 142,144,320,158,2
./Labeling/input/X00078_Inuk79.jpg 41,19,318,34,2 16,36,263,48,2 16,51,274,64,2 16,66,277,82,2
./Labeling/input/X00079_Latin118.jpg 20,243,137,254,0 21,255,99,269,0
./Labeling/input/X00082_Latin124.jpg 19,241,189,254,0 20,255,106,265,0 20,267,151,279,0
./Labeling/input/X00083_Latin74.jpg 66,116,285,129,0 72,133,278,146,0 97,151,251,164,0 87,169,263,182,0 42,184,307,199,0 99,203,250,217,0 50,222,301,234,0
./Labeling/input/X00084_Latin13.jpg 9,116,165,131,0 8,134,154,149,0 8,153,64,164,0 8,184,117,199,0 9,218,150,234,0
./Labeling/input/X00085_Inuk36.jpg 125,54,237,79,2
./Labeling/input/X00086_Inuk22.jpg 20,20,332,35,2 19,38,281,48,2 19,50,313,65,2 40,67,294,81,2 18,82,315,98,2 20,97,332,112,2 21,112,301,128,2 20,128,64,144,2
./Labeling/input/X00087_Inuk101.jpg 147,62,220,100,2 104,102,261,135,2
./Labeling/input/X00088_Inuk115.jpg 21,17,325,35,2 18,35,207,50,2 48,51,283,66,2 16,68,297,82,2 20,81,131,97,2
./Labeling/input/X00089_Inuk129.jpg 48,19,210,35,2 48,36,296,51,2 21,51,89,66,2 47,66,317,81,2 20,82,336,97,2 18,96,244,112,2 49,112,303,126,2 19,129,199,144,2
./Labeling/input/X00090_Inuk128.jpg 44,17,295,36,2 15,36,313,48,2 16,51,291,65,2 16,67,165,82,2 43,82,311,96,2 15,98,314,112,2 16,114,326,127,2 16,127,124,145,2
./Labeling/input/X00091_Inuk114.jpg 42,17,314,34,2 15,33,331,50,2 13,50,284,65,2 12,65,311,81,2 13,81,262,97,2 15,96,331,112,2 16,113,307,127,2
./Labeling/input/X00092_Inuk100.jpg 41,21,306,34,2 17,35,274,50,2 15,51,178,66,2 41,65,305,82,2 16,82,302,97,2 16,98,150,112,2
./Labeling/input/X00093_Inuk23.jpg 29,19,319,35,2 11,34,307,49,2 8,50,119,65,2 30,66,323,81,2 10,82,323,98,2 8,98,276,113,2 29,112,206,128,2 30,127,324,144,2 10,144,257,159,2 9,251,111,270,2 8,270,56,282,2 10,286,95,297,2
./Labeling/input/X00094_Inuk37.jpg 41,20,270,35,2 10,35,331,50,2 9,50,306,66,2 10,66,301,81,2 11,84,330,95,2 11,96,326,112,2
./Labeling/input/X00095_Latin12.jpg 203,118,307,133,0
./Labeling/input/X00096_Latin38.jpg 193,143,246,161,0
./Labeling/input/X00098_Inuk21.jpg 28,20,328,33,2 9,34,287,49,2 10,49,291,66,2 10,67,320,80,2 9,81,314,97,2 10,98,251,112,2 8,114,292,127,2 8,130,244,142,2 18,301,137,318,2
./Labeling/input/X00099_Inuk35.jpg 125,61,218,83,2 9,99,305,116,2 8,115,285,133,2 10,133,309,145,2 10,147,281,162,2 9,163,316,178,2 9,179,81,194,2 10,206,246,220,2 10,233,328,248,2 10,249,314,262,2 10,264,319,278,2 10,281,322,294,2 10,295,304,309,2 11,311,249,325,2
./Labeling/input/X00100_Inuk116.jpg 43,16,288,34,2 16,33,286,50,2 15,50,282,65,2 15,66,321,82,2 16,81,318,96,2 16,95,183,112,2 42,112,279,127,2 14,127,323,144,2 13,145,281,159,2
./Labeling/input/X00101_Inuk102.jpg 116,64,226,84,2 17,99,270,116,2 11,116,296,132,2 10,133,317,146,2 9,145,323,164,2 18,173,325,189,2 9,189,306,206,2 7,205,136,222,2 17,233,309,249,2 10,249,296,264,2 9,264,64,278,2 18,292,287,306,2 10,307,300,321,2
./Labeling/input/X00102_Inuk103.jpg 63,72,303,97,2 121,97,243,123,2
./Labeling/input/X00103_Inuk117.jpg 100,37,256,66,2 129,66,231,88,2
./Labeling/input/X00104_Inuk34.jpg 93,61,267,99,2 81,100,280,135,2
./Labeling/input/X00105_Inuk20.jpg 119,30,246,54,2 127,53,235,78,2
./Labeling/input/X00106_Latin11.jpg 15,176,153,190,0
./Labeling/input/X00107_Latin39.jpg 14,154,97,166,0 16,175,145,187,0 16,187,106,198,0
./Labeling/input/X00108_Latin15.jpg 9,108,142,122,0 10,127,143,138,0 10,144,76,156,0 9,176,162,192,0 8,192,104,210,0 8,228,166,241,0
./Labeling/input/X00109_Latin29.jpg 15,107,96,119,0 15,120,90,134,0 224,220,336,236,0 200,236,335,250,0
./Labeling/input/X00110_Inuk18.jpg 40,19,311,36,2 20,35,292,50,2 19,50,165,67,2 39,66,307,81,2 21,80,338,97,2 20,97,324,113,2 21,113,63,129,2
./Labeling/input/X00111_Inuk24.jpg 81,30,285,55,2
./Labeling/input/X00112_Inuk30.jpg 62,29,283,56,2
./Labeling/input/X00113_Inuk113.jpg 155,29,203,55,2 87,54,267,78,2
./Labeling/input/X00114_Inuk107.jpg 147,53,215,86,2 107,86,255,123,2
./Labeling/input/X00115_Inuk106.jpg 29,19,307,33,2 10,35,309,51,2 10,51,124,65,2 29,67,321,82,2 10,82,311,98,2 10,97,279,111,2 10,114,230,128,2
./Labeling/input/X00116_Inuk112.jpg 15,19,300,35,2 17,36,302,51,2 16,51,140,66,2 44,67,308,81,2 16,81,267,98,2 15,97,134,113,2
./Labeling/input/X00117_Inuk31.jpg 39,18,305,36,2 22,36,293,51,2 21,50,328,66,2 20,66,336,82,2 18,82,169,97,2
./Labeling/input/X00118_Inuk25.jpg 29,17,300,36,2 11,36,275,48,2 8,49,259,67,2 9,66,304,83,2 6,82,230,97,2
./Labeling/input/X00119_Inuk19.jpg 28,19,306,36,2 10,35,306,51,2 8,51,295,66,2 9,65,75,84,2 30,83,281,97,2
./Labeling/input/X00120_Latin28.jpg 46,235,127,251,0 235,234,290,251,0
./Labeling/input/X00121_Latin14.jpg 184,116,326,131,0 185,134,330,150,0 185,151,308,168,0 185,183,312,200,0 185,218,339,233,0
./Labeling/input/X00122_Latin16.jpg 184,125,320,141,0 184,143,341,156,0 185,160,341,176,0 186,175,291,192,0 184,207,319,224,0
./Labeling/input/X00123_Inuk33.jpg 41,17,304,34,2 20,35,296,50,2 41,51,276,65,2 19,65,318,82,2
./Labeling/input/X00124_Inuk27.jpg 124,29,242,56,2 135,55,228,81,2
./Labeling/input/X00125_Inuk138.jpg 132,43,211,63,2 18,77,302,92,2 18,93,324,110,2 17,111,312,123,2 15,125,318,141,2 16,142,90,156,2
./Labeling/input/X00126_Inuk104.jpg 29,18,311,35,2 8,35,136,50,2 26,50,327,65,2 9,65,310,80,2 10,81,313,97,2 8,96,106,112,2
./Labeling/input/X00127_Inuk110.jpg 39,17,319,35,2 15,33,309,51,2 14,50,301,67,2 15,67,66,82,2 42,82,305,96,2 13,96,145,113,2 41,113,311,128,2 16,128,74,144,2
./Labeling/input/X00128_Inuk111.jpg 47,19,313,36,2 21,35,333,50,2 21,50,295,67,2 20,65,334,80,2
./Labeling/input/X00129_Inuk105.jpg 38,20,337,36,2 18,35,333,50,2 37,51,285,66,2 20,66,288,86,2
./Labeling/input/X00130_Inuk139.jpg 65,33,292,58,2 112,58,243,82,2
./Labeling/input/X00131_Inuk26.jpg 29,19,281,36,2 9,35,311,50,2 7,50,293,66,2 8,67,97,83,2 29,82,240,97,2 29,97,308,112,2
./Labeling/input/X00132_Inuk32.jpg 29,19,328,34,2 10,36,329,50,2 11,50,318,66,2 9,67,215,81,2
./Labeling/input/X00133_Latin17.jpg 9,100,156,114,0 9,118,130,132,0 10,135,159,148,0 9,151,148,164,0 8,169,107,182,0 10,187,158,198,0 9,203,63,217,0 9,237,161,251,0
./Labeling/input/X00134_Latin32.jpg 256,123,307,136,0 256,137,333,148,0 256,151,312,165,0
./Labeling/input/X00135_Latin26.jpg 7,101,165,115,0 7,119,92,135,0 8,138,129,152,0 10,158,50,172,0 8,177,158,194,0 9,198,159,211,0 10,215,162,231,0 9,235,74,250,0
./Labeling/input/X00144_Latin27.jpg 42,222,131,236,0 46,236,129,248,0
./Labeling/input/X00145_Latin33.jpg 184,108,338,122,0 185,123,222,137,0 185,149,328,161,0 185,165,323,175,0 186,189,302,202,0
./Labeling/input/X00146_Latin19.jpg 8,125,157,141,0 7,143,160,157,0 9,160,86,173,0 8,192,157,207,0 9,210,109,226,0
./Labeling/input/X00147_Latin25.jpg 183,101,326,116,0 185,119,265,134,0 185,134,343,150,0 184,154,273,167,0 185,169,312,186,0 182,187,287,199,0 185,203,299,217,0 185,221,310,235,0 184,237,280,251,0
./Labeling/input/X00148_Latin31.jpg 15,164,129,179,0 16,179,145,191,0
./Labeling/input/X00157_Latin30.jpg 15,197,154,210,0 16,209,150,222,0 16,235,71,250,0
./Labeling/input/X00158_Latin24.jpg 8,99,152,115,0 7,116,148,133,0 7,134,107,149,0 9,168,152,183,0 8,187,138,199,0 10,204,86,215,0 9,236,137,250,0
./Labeling/input/X00159_Latin18.jpg 185,108,311,123,0 184,128,334,138,0 185,143,327,155,0 185,160,250,174,0 185,195,332,209,0 185,212,315,225,0 185,228,216,241,0
./Labeling/input/X00160_Latin20.jpg 185,126,332,141,0 185,143,339,157,0 185,175,313,191,0 186,194,333,207,0 185,211,228,224,0
./Labeling/input/X00161_Latin34.jpg 16,160,140,172,0 16,172,155,182,0 15,182,38,194,0
./Labeling/input/X00170_Latin35.jpg 9,110,147,121,0 8,125,120,138,0 9,141,72,152,0 9,164,135,176,0 8,180,131,193,0 10,194,127,207,0
./Labeling/input/X00171_Latin21.jpg 9,106,150,122,0 10,126,139,141,0 9,159,150,174,0 8,178,166,190,0 9,194,106,207,0 9,227,78,242,0
./Labeling/input/X00172_Latin37.jpg 16,165,152,176,0 15,177,67,188,0
./Labeling/input/X00173_Latin23.jpg 185,101,336,114,0 186,118,332,133,0 185,135,337,149,0 185,152,287,167,0 185,185,318,198,0 185,203,329,215,0 185,237,320,250,0
./Labeling/input/X00182_Latin22.jpg 9,116,148,131,0 8,134,76,149,0 9,152,153,165,0 9,169,71,181,0 9,187,152,198,0 9,203,109,216,0 10,220,135,233,0
./Labeling/input/X00183_Latin36.jpg 191,149,335,163,0 191,172,324,182,0 191,182,320,192,0 191,192,270,203,0
./Labeling/input/X00184_Latin2.jpg 15,124,147,136,0 15,136,93,149,0
./Labeling/input/X00187_Latin129.jpg 114,161,264,171,0 157,172,222,184,0 127,184,250,197,0 138,197,240,209,0
./Labeling/input/X00188_Latin79.jpg 42,106,132,121,0 58,121,116,133,0
./Labeling/input/X00189_Latin51.jpg 117,122,159,139,0
./Labeling/input/X00192_Latin45.jpg 16,156,98,168,0 17,176,124,186,0 16,186,84,198,0
./Labeling/input/X00206_Latin44.jpg 75,137,276,164,0
./Labeling/input/X00209_Latin78.jpg 8,105,146,115,0 9,119,62,131,0 10,145,154,156,0 10,160,81,171,0 10,184,128,197,0
./Labeling/input/X00211_Latin87.jpg 18,240,180,254,0 20,253,108,266,0 20,266,69,281,0
./Labeling/input/X00214_Latin1.jpg 17,106,150,120,0 17,120,90,131,0 16,139,130,149,0
./Labeling/input/X00215_Latin85.jpg 88,142,167,156,0 87,157,152,169,0 89,170,163,186,0 84,187,169,202,0 184,104,307,119,0 184,119,326,136,0 184,137,284,151,0 184,161,323,175,0 184,174,311,190,0 183,190,258,206,0 185,215,268,232,0 185,231,240,245,0
./Labeling/input/X00217_Latin46.jpg 16,159,157,175,0 17,180,143,197,0
./Labeling/input/X00218_Latin102.jpg 21,242,176,255,0 21,254,115,267,0 21,265,103,279,0
./Labeling/input/X00219_Latin116.jpg 20,241,250,255,0 19,255,110,266,0 21,266,142,282,0
./Labeling/input/X00220_Latin52.jpg 212,169,315,182,0
./Labeling/input/X00221_Inuk63.jpg 26,18,272,32,2 28,35,288,48,2 9,51,265,65,2 7,68,324,81,2 8,84,306,95,2 9,98,312,110,2 29,127,318,142,2 10,143,304,157,2 7,160,141,172,2
./Labeling/input/X00222_Inuk77.jpg 39,19,309,35,2 17,36,310,49,2 41,50,309,64,2 41,67,318,79,2 15,81,306,96,2 14,98,192,111,2
./Labeling/input/X00223_Inuk154.jpg 53,20,331,38,2 23,38,188,51,2 54,52,325,68,2 24,67,157,82,2 53,84,284,97,2 22,99,278,114,2 24,117,148,128,2
./Labeling/input/X00224_Inuk140.jpg 48,20,326,35,2 18,39,322,51,2 18,52,303,66,2 17,68,284,82,2 18,84,163,97,2
./Labeling/input/X00225_Inuk4.jpg 50,20,342,35,2 20,36,326,49,2 20,49,337,65,2 20,66,341,80,2
./Labeling/input/X00226_Inuk88.jpg 20,21,304,34,2 21,34,292,50,2 21,48,280,64,2 21,66,299,79,2 21,81,210,95,2 59,229,185,243,2
./Labeling/input/X00227_Inuk89.jpg 14,19,309,35,2 15,35,327,50,2 15,50,220,65,2
./Labeling/input/X00228_Inuk5.jpg 50,19,323,34,2 21,34,329,50,2 21,50,81,64,2 51,65,298,81,2 17,80,289,96,2 19,96,341,111,2 21,112,345,127,2 20,127,304,142,2 20,142,338,158,2 18,157,163,174,2 178,329,270,342,2
./Labeling/input/X00229_Inuk141.jpg 53,21,287,35,2 23,36,326,52,2 22,53,322,68,2 22,67,330,82,2 22,82,308,99,2 21,99,292,114,2 21,113,208,130,2 53,130,336,145,2
./Labeling/input/X00230_Inuk155.jpg 45,19,270,36,2 16,35,306,52,2 15,52,319,66,2 16,66,295,82,2 16,82,270,99,2 15,99,295,114,2 16,114,211,130,2
./Labeling/input/X00231_Inuk76.jpg 82,63,275,87,2
./Labeling/input/X00232_Inuk62.jpg 71,46,290,73,2
./Labeling/input/X00233_Latin117.jpg 76,225,274,237,0 76,237,117,248,0 76,255,179,266,0 75,266,203,280,0
./Labeling/input/X00234_Latin53.jpg 9,107,166,124,0 8,125,138,141,0 9,150,161,162,0 10,164,156,176,0 10,180,151,191,0 9,193,97,207,0
./Labeling/input/X00235_Latin47.jpg 14,171,140,184,0
./Labeling/input/X00236_Latin103.jpg 71,226,272,238,0 73,238,133,250,0 72,257,285,268,0 72,268,279,277,0 72,277,127,287,0 73,294,278,307,0
./Labeling/input/X00237_Latin90.jpg 71,224,276,237,0 72,236,280,246,0 72,246,118,256,0 71,263,277,274,0 71,274,255,284,0 72,290,275,303,0 72,303,101,314,0
./Labeling/input/X00238_Latin84.jpg 68,221,246,234,0 68,241,271,252,0 67,252,95,261,0 67,267,289,281,0 68,280,110,292,0 67,297,277,309,0 69,309,127,322,0
./Labeling/input/X00239_Latin80.jpg 51,236,124,250,0 225,236,301,251,0
./Labeling/input/X00240_Latin94.jpg 72,224,260,236,0 72,236,132,246,0 72,253,269,265,0
./Labeling/input/X00241_Latin4.jpg 24,177,149,189,0 39,189,136,202,0
./Labeling/input/X00242_Latin107.jpg 19,241,138,254,0 20,255,99,268,0
./Labeling/input/X00244_Latin57.jpg 50,79,306,114,0
./Labeling/input/X00245_Latin113.jpg 88,224,182,236,0 85,243,238,256,0
./Labeling/input/X00246_Inuk66.jpg 97,65,265,100,2
./Labeling/input/X00247_Inuk72.jpg 40,18,275,34,2 18,33,322,50,2 19,50,157,66,2 36,66,322,80,2 17,81,161,96,2 38,96,280,111,2 18,111,100,128,2
./Labeling/input/X00248_Inuk99.jpg 40,18,286,34,2 14,33,313,51,2 16,51,289,64,2 15,65,300,81,2 14,82,314,96,2 12,96,295,112,2 12,113,93,128,2 39,128,293,142,2 16,142,315,158,2 12,157,179,175,2
./Labeling/input/X00249_Inuk1.jpg 17,17,293,34,2 18,33,261,50,2 18,50,111,67,2
./Labeling/input/X00250_Inuk151.jpg 21,19,309,35,2 21,36,332,54,2 21,54,311,67,2 22,67,303,83,2 22,83,103,98,2
./Labeling/input/X00251_Inuk145.jpg 52,21,304,34,2 22,35,297,53,2 20,53,324,68,2 21,69,319,84,2 19,84,283,99,2 20,99,181,115,2
./Labeling/input/X00252_Inuk144.jpg 44,19,318,35,2 18,36,324,52,2 17,51,301,67,2 16,67,284,84,2 15,84,141,99,2
./Labeling/input/X00253_Inuk150.jpg 42,18,331,36,2 15,35,321,51,2 15,51,289,67,2 18,67,260,82,2 48,82,297,97,2 16,98,321,113,2
./Labeling/input/X00254_Inuk98.jpg 121,33,234,52,2 94,53,259,77,2
./Labeling/input/X00255_Inuk73.jpg 8,36,306,48,2 9,49,255,65,2 9,64,310,81,2 9,81,292,95,2 8,94,56,111,2 8,208,147,222,2 7,223,110,238,2
./Labeling/input/X00256_Inuk67.jpg 120,46,221,73,2 9,88,278,105,2 7,106,321,119,2 9,119,269,139,2 7,139,312,153,2 8,154,184,169,2 9,182,322,194,2 11,194,256,211,2 8,223,322,237,2 10,238,330,250,2 9,263,289,279,2 7,280,313,294,2 9,296,318,311,2 10,312,300,327,2 9,326,320,341,2
./Labeling/input/X00257_Latin56.jpg 59,155,291,184,0 98,191,244,223,0
./Labeling/input/X00260_Latin42.jpg 184,114,328,127,0 183,130,332,141,0 185,146,300,155,0
./Labeling/input/X00261_Latin5.jpg 13,107,127,119,0 14,119,120,130,0 15,131,93,142,0 189,106,301,119,0 186,138,250,153,0 189,154,240,170,0
./Labeling/input/X00262_Latin95.jpg 17,240,137,254,0 21,254,101,266,0
./Labeling/input/X00263_Latin81.jpg 85,140,264,154,0 106,158,244,173,0 125,177,228,192,0 101,193,249,208,0
./Labeling/input/X00264_Latin97.jpg 18,241,249,254,0 19,255,113,266,0 19,266,143,279,0
./Labeling/input/X00265_Latin83.jpg 108,141,243,153,0 137,161,212,173,0 112,176,235,189,0 71,192,276,207,0 79,210,268,226,0
./Labeling/input/X00267_Latin110.jpg 68,229,263,241,0 69,241,228,252,0 68,258,258,270,0 69,276,280,289,0 68,294,286,309,0
./Labeling/input/X00269_Latin40.jpg 13,148,96,163,0 14,171,124,182,0 16,181,149,191,0 16,191,58,202,0
./Labeling/input/X00270_Latin104.jpg 85,224,284,236,0 85,243,291,255,0 86,255,138,264,0 85,272,297,284,0 85,292,285,304,0 85,304,180,318,0
./Labeling/input/X00271_Latin68.jpg 183,134,315,150,0 179,168,313,182,0 185,202,326,215,0
./Labeling/input/X00272_Inuk59.jpg 82,59,262,84,2 136,85,205,111,2
./Labeling/input/X00273_Inuk71.jpg 86,40,254,61,2 93,62,249,85,2
./Labeling/input/X00274_Inuk65.jpg 8,19,308,36,2 7,36,143,51,2 28,53,293,64,2 10,65,85,80,2 27,82,283,96,2 9,95,332,111,2 7,111,322,128,2 7,128,307,144,2 7,144,307,158,2 9,158,235,174,2
./Labeling/input/X00275_Inuk2.jpg 40,19,267,35,2 11,35,331,50,2 9,52,215,64,2 41,67,313,79,2 8,79,266,95,2
./Labeling/input/X00276_Inuk146.jpg 70,32,273,56,2 90,58,252,82,2 46,117,329,133,2 16,134,327,149,2 16,149,325,166,2
./Labeling/input/X00277_Inuk152.jpg 87,32,269,55,2 82,59,269,82,2
./Labeling/input/X00278_Inuk153.jpg 47,22,318,36,2 15,36,318,51,2 16,52,329,66,2 14,66,325,82,2 16,81,318,99,2 18,99,298,113,2 17,113,203,128,2
./Labeling/input/X00279_Inuk147.jpg 21,20,304,35,2 22,35,335,52,2 21,52,315,66,2 22,66,296,81,2 22,85,88,96,2 53,100,323,113,2 23,116,334,129,2
./Labeling/input/X00280_Inuk3.jpg 90,31,272,55,2 155,56,215,79,2 154,180,240,192,2
./Labeling/input/X00281_Inuk64.jpg 37,16,285,33,2 21,32,315,49,2 20,48,286,64,2 19,64,160,81,2 39,80,330,94,2 19,96,337,111,2 19,111,308,125,2 19,128,335,142,2 18,143,149,158,2 52,199,193,211,2
./Labeling/input/X00282_Inuk70.jpg 17,19,337,34,2 19,36,311,48,2 17,50,301,66,2 18,65,325,80,2 18,82,124,98,2 134,249,237,261,2 134,262,251,278,2
./Labeling/input/X00283_Inuk58.jpg 34,19,182,33,2 36,35,164,50,2 35,49,272,64,2 36,64,223,80,2 38,83,329,96,2 44,99,71,111,2 39,110,306,125,2 20,129,273,140,2 19,143,312,157,2 21,158,128,172,2
./Labeling/input/X00284_Latin69.jpg 53,51,300,71,0 65,108,284,135,0
./Labeling/input/X00285_Latin41.jpg 13,133,140,145,0 15,146,50,155,0 14,163,104,176,0 15,186,63,197,0 14,206,119,217,0
./Labeling/input/X00287_Latin111.jpg 82,224,292,239,0 83,244,293,257,0 84,258,143,268,0
./Labeling/input/X00290_Latin82.jpg 138,132,213,148,0 137,151,213,164,0 103,167,248,182,0 53,184,296,200,0 86,200,265,217,0
./Labeling/input/X00291_Latin96.jpg 71,224,261,237,0 72,238,102,246,0 70,254,277,265,0 70,265,286,274,0 71,274,104,285,0 69,292,276,303,0 70,304,101,316,0
